idx	label	predict	radius	correct	time
0	3	-1	0.0	0	0:00:13.881038
20	7	7	0.00756	1	0:00:13.901852
40	4	4	0.000792	1	0:00:13.964815
60	7	4	0.000323	0	0:00:13.976736
80	8	0	0.00723	0	0:00:13.996289
100	4	0	0.00326	0	0:00:14.036648
120	8	0	0.00432	0	0:00:14.042592
140	6	0	0.00127	0	0:00:14.054930
160	2	0	0.00825	0	0:00:14.042366
180	0	0	0.00825	1	0:00:14.044287
200	5	1	0.0018	0	0:00:14.059730
220	7	0	0.00825	0	0:00:14.059027
240	1	0	0.00344	0	0:00:14.052426
260	8	0	0.00778	0	0:00:14.062859
280	9	0	0.000482	0	0:00:14.071729
300	6	0	0.00426	0	0:00:14.063903
320	3	5	0.00364	0	0:00:14.077250
340	2	1	0.0012	0	0:00:14.078070
360	9	0	0.00738	0	0:00:14.068201
380	6	-1	0.0	0	0:00:14.081254
400	9	0	0.00825	0	0:00:14.067692
420	4	0	0.00825	0	0:00:14.059638
440	1	0	0.0064	0	0:00:14.087079
460	5	5	0.00536	1	0:00:14.075478
480	8	0	0.00162	0	0:00:14.069024
500	4	0	0.00468	0	0:00:14.079266
520	5	0	0.00115	0	0:00:14.077562
540	1	0	0.00825	0	0:00:14.077247
560	0	0	0.00772	1	0:00:14.078508
580	4	0	0.007	0	0:00:14.073298
600	8	0	0.00472	0	0:00:14.074131
620	7	1	0.00668	0	0:00:14.084866
640	5	0	0.00382	0	0:00:14.061801
660	9	0	0.00825	0	0:00:14.078005
680	9	0	0.00784	0	0:00:14.067192
700	7	0	0.00825	0	0:00:14.071985
720	4	0	0.00581	0	0:00:14.064327
740	2	1	0.00236	0	0:00:14.077456
760	3	0	0.00694	0	0:00:14.070539
780	9	0	0.00736	0	0:00:14.074386
800	7	0	0.00825	0	0:00:14.068960
820	6	7	0.00209	0	0:00:14.072181
840	7	0	0.00825	0	0:00:14.071698
860	4	0	0.00324	0	0:00:14.073643
880	8	0	0.0081	0	0:00:14.066652
900	2	0	0.000604	0	0:00:14.066924
920	6	4	0.00825	0	0:00:14.074572
940	9	0	0.0021	0	0:00:14.072053
960	9	0	0.00825	0	0:00:14.068858
980	2	0	0.00404	0	0:00:14.070329
1000	5	5	0.00799	1	0:00:14.071355
1020	1	0	0.00176	0	0:00:14.090155
1040	7	0	0.0049	0	0:00:14.076003
1060	9	-1	0.0	0	0:00:14.070218
1080	6	0	0.00825	0	0:00:14.054853
1100	7	0	0.00825	0	0:00:14.063781
1120	5	0	0.00236	0	0:00:14.076496
1140	6	1	0.00401	0	0:00:14.072257
1160	8	5	0.000303	0	0:00:14.071802
1180	3	1	0.00645	0	0:00:14.051471
1200	8	0	0.00825	0	0:00:14.068268
1220	9	0	0.00182	0	0:00:14.068829
1240	2	0	0.00799	0	0:00:14.049751
1260	1	0	0.00349	0	0:00:14.063326
1280	3	0	0.00587	0	0:00:14.073954
1300	4	0	0.00499	0	0:00:14.036349
1320	7	0	0.00825	0	0:00:14.062295
1340	1	0	0.00387	0	0:00:14.063023
1360	7	1	0.00527	0	0:00:14.070255
1380	4	5	0.00182	0	0:00:14.078553
1400	5	5	0.00799	1	0:00:14.072579
1420	4	0	0.00438	0	0:00:14.074051
1440	0	-1	0.0	0	0:00:14.069373
1460	6	6	0.00114	1	0:00:14.086874
1480	1	0	0.00752	0	0:00:14.070213
1500	1	0	0.00412	0	0:00:14.075262
1520	7	0	0.0081	0	0:00:14.066950
1540	8	0	0.00348	0	0:00:14.075317
1560	7	4	0.000377	0	0:00:14.070874
1580	6	6	0.00431	1	0:00:14.067768
1600	8	0	0.00168	0	0:00:14.072332
1620	5	4	0.000954	0	0:00:14.069877
1640	7	0	0.0079	0	0:00:14.073009
1660	3	-1	0.0	0	0:00:14.075887
1680	6	0	0.00825	0	0:00:14.060028
1700	5	4	0.00383	0	0:00:14.081212
1720	4	0	0.00553	0	0:00:14.068649
1740	1	0	0.0081	0	0:00:14.068322
1760	0	9	0.000423	0	0:00:14.073689
1780	7	0	0.00825	0	0:00:14.069578
1800	4	0	0.00148	0	0:00:14.075430
1820	8	0	0.00756	0	0:00:14.068906
1840	8	-1	0.0	0	0:00:14.077331
1860	8	1	0.000985	0	0:00:14.063272
1880	1	0	0.00825	0	0:00:14.062323
1900	8	0	0.00825	0	0:00:14.064869
1920	2	1	0.00825	0	0:00:14.071171
1940	5	0	0.00401	0	0:00:14.065157
1960	2	-1	0.0	0	0:00:14.070058
1980	9	0	0.000106	0	0:00:14.082672
2000	1	3	0.00421	0	0:00:14.070071
2020	9	0	0.00825	0	0:00:14.070240
2040	0	0	0.00825	1	0:00:14.064287
2060	5	5	0.00179	1	0:00:14.074229
2080	1	1	0.00718	1	0:00:14.075425
2100	2	0	0.00825	0	0:00:14.065439
2120	4	1	0.000953	0	0:00:14.075981
2140	9	0	0.00655	0	0:00:14.070404
2160	0	0	0.00618	1	0:00:14.070075
2180	4	0	0.00658	0	0:00:14.050491
2200	0	0	0.00662	1	0:00:14.070404
2220	1	0	0.0081	0	0:00:14.068739
2240	9	0	0.00825	0	0:00:14.066295
2260	4	0	0.00466	0	0:00:14.076064
2280	4	3	0.0018	0	0:00:14.069994
2300	3	3	0.00741	1	0:00:14.069958
2320	5	0	0.00448	0	0:00:14.071094
2340	7	0	0.00825	0	0:00:14.073781
2360	7	0	0.000184	0	0:00:14.074558
2380	8	7	0.00377	0	0:00:14.068342
2400	0	0	0.00825	1	0:00:14.055868
2420	8	0	0.00526	0	0:00:14.072866
2440	7	0	0.00825	0	0:00:14.071389
2460	9	0	0.00288	0	0:00:14.066730
2480	8	0	0.00673	0	0:00:14.072957
2500	4	3	0.000709	0	0:00:14.070996
2520	1	6	0.00289	0	0:00:14.067504
2540	2	0	0.00825	0	0:00:14.063710
2560	7	1	0.00241	0	0:00:14.073269
2580	6	6	0.00217	1	0:00:14.060550
2600	8	0	0.00578	0	0:00:14.057253
2620	1	0	0.00563	0	0:00:14.066617
2640	7	-1	0.0	0	0:00:14.070254
2660	3	0	0.00189	0	0:00:14.061256
2680	0	0	0.00382	1	0:00:14.068337
2700	9	0	0.00699	0	0:00:14.079328
2720	3	1	0.000363	0	0:00:14.084301
2740	1	0	0.00825	0	0:00:14.066677
2760	2	0	0.00307	0	0:00:14.057134
2780	7	0	0.00825	0	0:00:14.075223
2800	4	0	0.00597	0	0:00:14.073822
2820	6	0	0.00825	0	0:00:14.066055
2840	3	0	0.00825	0	0:00:14.053201
2860	5	9	0.0013	0	0:00:14.073822
2880	4	0	8.36e-05	0	0:00:14.066771
2900	3	0	0.00125	0	0:00:14.073431
2920	2	0	0.00825	0	0:00:14.073415
2940	3	6	0.00674	0	0:00:14.052928
2960	9	0	0.00825	0	0:00:14.066870
2980	8	0	0.00825	0	0:00:14.057122
3000	5	5	0.00204	1	0:00:14.066768
3020	1	0	0.00825	0	0:00:14.071888
3040	7	0	0.00825	0	0:00:14.071141
3060	7	0	0.00626	0	0:00:14.070185
3080	1	1	0.00425	1	0:00:14.074466
3100	0	0	0.00718	1	0:00:14.068980
3120	4	0	0.00825	0	0:00:14.070376
3140	8	0	0.00825	0	0:00:14.072645
3160	6	0	0.00659	0	0:00:14.065721
3180	3	4	0.0036	0	0:00:14.080861
3200	5	0	0.00825	0	0:00:14.067652
3220	3	0	0.00318	0	0:00:14.071009
3240	4	7	0.000707	0	0:00:14.085384
3260	7	0	0.00825	0	0:00:14.076996
3280	3	5	0.0081	0	0:00:14.066113
3300	4	2	9.47e-05	0	0:00:14.074102
3320	2	0	0.00343	0	0:00:14.079438
3340	6	3	0.00217	0	0:00:14.072790
3360	4	0	0.00825	0	0:00:14.072538
3380	8	1	0.00749	0	0:00:14.070451
3400	6	0	0.00825	0	0:00:14.063859
3420	5	0	0.00498	0	0:00:14.066352
3440	2	3	0.00407	0	0:00:14.075799
3460	1	1	0.00249	1	0:00:14.069611
3480	2	0	0.00825	0	0:00:14.066985
3500	1	1	0.00231	1	0:00:14.072002
3520	1	0	0.00825	0	0:00:14.069895
3540	6	9	0.00178	0	0:00:14.085394
3560	1	0	0.00825	0	0:00:14.067191
3580	4	0	0.0066	0	0:00:14.067665
3600	4	0	0.00121	0	0:00:14.069729
3620	0	0	0.00752	1	0:00:14.076182
3640	6	-1	0.0	0	0:00:14.071079
3660	0	0	0.00825	1	0:00:14.070524
3680	0	1	0.00151	0	0:00:14.079451
3700	3	0	0.00555	0	0:00:14.069941
3720	2	5	0.00148	0	0:00:14.077996
3740	0	0	0.00825	1	0:00:14.076323
3760	7	4	0.0012	0	0:00:14.067748
3780	4	0	0.00825	0	0:00:14.064632
3800	9	-1	0.0	0	0:00:14.075382
3820	0	0	0.00396	1	0:00:14.078705
3840	6	5	0.00425	0	0:00:14.071106
3860	7	7	0.00117	1	0:00:14.065812
3880	6	1	8.73e-05	0	0:00:14.065392
3900	3	0	0.00825	0	0:00:14.059404
3920	7	0	0.0029	0	0:00:14.069752
3940	6	0	0.00536	0	0:00:14.065539
3960	2	3	0.00052	0	0:00:14.072388
3980	9	0	0.00179	0	0:00:14.069044
4000	8	-1	0.0	0	0:00:14.079783
4020	8	5	0.00311	0	0:00:14.080032
4040	0	0	0.00825	1	0:00:14.061627
4060	6	0	0.00691	0	0:00:14.066451
4080	1	0	0.000356	0	0:00:14.070229
4100	7	0	0.00825	0	0:00:14.073668
4120	4	0	0.00825	0	0:00:14.064552
4140	5	0	0.00471	0	0:00:14.064307
4160	5	4	0.00759	0	0:00:14.079901
4180	0	0	0.00825	1	0:00:14.070491
4200	4	0	0.00741	0	0:00:14.070232
4220	4	0	0.00403	0	0:00:14.057897
4240	7	0	0.00799	0	0:00:14.073719
4260	8	0	0.00447	0	0:00:14.067602
4280	8	0	0.00825	0	0:00:14.071121
4300	8	0	0.0081	0	0:00:14.068802
4320	1	0	0.00825	0	0:00:14.062027
4340	0	9	0.00367	0	0:00:14.067445
4360	6	0	0.00825	0	0:00:14.071994
4380	9	0	0.00825	0	0:00:14.065997
4400	3	0	0.000479	0	0:00:14.077465
4420	5	4	0.00393	0	0:00:14.073352
4440	2	0	0.00505	0	0:00:14.063904
4460	9	0	0.00382	0	0:00:14.067270
4480	9	1	0.00197	0	0:00:14.065676
4500	3	0	0.0032	0	0:00:14.068418
4520	3	0	0.00151	0	0:00:14.061855
4540	9	-1	0.0	0	0:00:14.065928
4560	1	0	0.00437	0	0:00:14.078658
4580	6	6	0.00592	1	0:00:14.073221
4600	4	0	0.00289	0	0:00:14.061084
4620	7	2	0.00586	0	0:00:14.071953
4640	2	7	0.00159	0	0:00:14.085201
4660	7	1	0.00616	0	0:00:14.068826
4680	9	0	0.0079	0	0:00:14.068899
4700	6	0	0.000995	0	0:00:14.073419
4720	8	0	0.00307	0	0:00:14.073825
4740	5	3	0.00237	0	0:00:14.062268
4760	3	3	0.000799	1	0:00:14.073550
4780	0	-1	0.0	0	0:00:14.079125
4800	9	0	0.00825	0	0:00:14.062848
4820	3	4	0.00362	0	0:00:14.071023
4840	0	0	0.00825	1	0:00:14.068587
4860	5	7	0.00825	0	0:00:14.073996
4880	0	0	0.00825	1	0:00:14.065505
4900	3	0	0.0081	0	0:00:14.067582
4920	7	0	0.00825	0	0:00:14.072435
4940	6	1	0.00183	0	0:00:14.069001
4960	4	0	0.000799	0	0:00:14.070032
4980	1	4	0.00315	0	0:00:14.066594
5000	7	0	0.00609	0	0:00:14.078074
5020	8	0	0.00799	0	0:00:14.075539
5040	3	0	0.0081	0	0:00:14.058704
5060	6	3	0.00213	0	0:00:14.071953
5080	7	0	0.00825	0	0:00:14.070116
5100	3	0	0.00763	0	0:00:14.071805
5120	9	5	0.00825	0	0:00:14.074010
5140	8	0	0.00825	0	0:00:14.067585
5160	0	7	0.00609	0	0:00:14.074057
5180	9	0	0.00696	0	0:00:14.081490
5200	3	0	0.00799	0	0:00:14.049357
5220	0	0	0.00763	1	0:00:14.064308
5240	1	1	0.0022	1	0:00:14.075861
5260	0	0	0.0061	1	0:00:14.074392
5280	0	0	0.00825	1	0:00:14.068680
5300	9	0	0.00825	0	0:00:14.075728
5320	7	0	0.00174	0	0:00:14.068567
5340	3	9	0.000535	0	0:00:14.068776
5360	9	0	0.00825	0	0:00:14.057597
5380	1	0	0.00768	0	0:00:14.056204
5400	9	0	0.00441	0	0:00:14.073603
5420	6	0	0.00255	0	0:00:14.079976
5440	9	0	0.00825	0	0:00:14.068542
5460	0	0	0.00825	1	0:00:14.060031
5480	1	0	0.00437	0	0:00:14.072217
5500	8	1	0.000132	0	0:00:14.082526
5520	4	0	0.000995	0	0:00:14.067197
5540	5	5	0.00441	1	0:00:14.074748
5560	3	0	0.00301	0	0:00:14.076340
5580	5	0	0.00825	0	0:00:14.070716
5600	6	3	0.00716	0	0:00:14.070310
5620	3	0	0.00825	0	0:00:14.067664
5640	2	5	0.00543	0	0:00:14.071920
5660	9	0	0.00592	0	0:00:14.084321
5680	2	1	0.0004	0	0:00:14.068524
5700	3	1	0.000454	0	0:00:14.080796
5720	9	0	0.00288	0	0:00:14.074359
5740	6	6	0.0056	1	0:00:14.074564
5760	2	0	0.00223	0	0:00:14.075741
5780	7	0	0.00825	0	0:00:14.082766
5800	2	0	0.00616	0	0:00:14.072893
5820	5	3	0.00158	0	0:00:14.078632
5840	2	0	0.00516	0	0:00:14.080738
5860	0	0	0.006	1	0:00:14.078039
5880	0	9	0.00422	0	0:00:14.086161
5900	4	-1	0.0	0	0:00:14.085644
5920	8	0	0.00825	0	0:00:14.073194
5940	7	0	0.00164	0	0:00:14.087836
5960	2	7	0.00475	0	0:00:14.085009
5980	9	7	0.00643	0	0:00:14.075984
6000	8	0	0.00601	0	0:00:14.088386
6020	6	0	0.000128	0	0:00:14.089578
6040	2	0	0.00825	0	0:00:14.084952
6060	3	0	0.00136	0	0:00:14.087791
6080	1	1	0.00128	1	0:00:14.089217
6100	1	1	0.00671	1	0:00:14.083012
6120	5	0	0.00825	0	0:00:14.080745
6140	9	0	0.00451	0	0:00:14.086545
6160	2	7	0.00206	0	0:00:14.090907
6180	0	0	0.00825	1	0:00:14.079772
6200	3	2	0.00223	0	0:00:14.076724
6220	2	0	0.00341	0	0:00:14.078779
6240	2	9	0.00128	0	0:00:14.093956
6260	2	2	0.00433	1	0:00:14.087654
6280	8	7	0.00189	0	0:00:14.089138
6300	1	0	0.00129	0	0:00:14.092176
6320	0	0	0.00106	1	0:00:14.082951
6340	3	0	0.00192	0	0:00:14.083536
6360	2	3	0.000287	0	0:00:14.079383
6380	3	0	0.0027	0	0:00:14.083095
6400	0	0	0.00825	1	0:00:14.080822
6420	7	1	0.00398	0	0:00:14.092325
6440	3	3	0.00112	1	0:00:14.082522
6460	3	0	0.00593	0	0:00:14.075567
6480	0	0	0.00825	1	0:00:14.087232
6500	7	-1	0.0	0	0:00:14.091182
6520	6	6	0.00825	1	0:00:14.082340
6540	8	3	0.0017	0	0:00:14.086941
6560	6	0	0.00825	0	0:00:14.093764
6580	1	1	0.00494	1	0:00:14.087507
6600	7	0	0.00825	0	0:00:14.084896
6620	7	0	0.00825	0	0:00:14.070069
6640	5	0	0.00419	0	0:00:14.073312
6660	0	0	0.00825	1	0:00:14.079135
6680	3	0	0.00162	0	0:00:14.082220
6700	6	8	0.00135	0	0:00:14.094325
6720	2	0	0.00445	0	0:00:14.081502
6740	2	0	0.000458	0	0:00:14.085752
6760	5	5	0.00386	1	0:00:14.087670
6780	7	0	0.00543	0	0:00:14.091650
6800	6	6	0.00309	1	0:00:14.083433
6820	1	0	0.00825	0	0:00:14.082190
6840	9	0	0.0049	0	0:00:14.088213
6860	0	0	0.00825	1	0:00:14.076235
6880	2	0	0.00825	0	0:00:14.082989
6900	3	0	0.00825	0	0:00:14.087892
6920	5	0	0.00414	0	0:00:14.085849
6940	1	0	0.00825	0	0:00:14.080770
6960	9	1	0.00252	0	0:00:14.088267
6980	0	0	0.00825	1	0:00:14.086979
7000	2	1	0.00432	0	0:00:14.088291
7020	7	0	0.00565	0	0:00:14.092604
7040	7	0	0.00125	0	0:00:14.091578
7060	8	0	0.00825	0	0:00:14.079047
7080	5	4	0.000716	0	0:00:14.091271
7100	9	0	0.00799	0	0:00:14.068175
7120	7	0	0.00825	0	0:00:14.082284
7140	4	0	0.0081	0	0:00:14.083786
7160	5	1	0.00318	0	0:00:14.081596
7180	6	0	0.00287	0	0:00:14.072612
7200	4	1	0.00229	0	0:00:14.090494
7220	9	0	0.00825	0	0:00:14.097334
7240	0	0	0.00201	1	0:00:14.086641
7260	1	0	0.00825	0	0:00:14.085849
7280	1	0	0.00625	0	0:00:14.078882
7300	3	0	0.00825	0	0:00:14.088693
7320	8	0	0.00825	0	0:00:14.080837
7340	2	-1	0.0	0	0:00:14.087339
7360	2	0	0.00556	0	0:00:14.088362
7380	7	2	0.000851	0	0:00:14.086670
7400	3	0	0.00571	0	0:00:14.082148
7420	3	0	0.0081	0	0:00:14.090032
7440	3	0	0.000296	0	0:00:14.080127
7460	5	5	0.00269	1	0:00:14.083656
7480	1	-1	0.0	0	0:00:14.083809
7500	6	2	0.00111	0	0:00:14.084937
7520	4	6	0.0029	0	0:00:14.084333
7540	5	0	0.00576	0	0:00:14.088733
7560	0	0	0.00825	1	0:00:14.086405
7580	8	0	0.00825	0	0:00:14.081769
7600	8	1	0.00141	0	0:00:14.093464
7620	5	5	0.00778	1	0:00:14.089363
7640	9	0	0.00584	0	0:00:14.089599
7660	7	0	0.00825	0	0:00:14.081463
7680	3	0	0.00208	0	0:00:14.088401
7700	6	0	0.00825	0	0:00:14.077780
7720	5	7	0.00122	0	0:00:14.080801
7740	4	1	0.00558	0	0:00:14.089182
7760	2	0	0.0071	0	0:00:14.089267
7780	3	5	0.00284	0	0:00:14.087151
7800	0	0	0.0081	1	0:00:14.077467
7820	5	5	0.0038	1	0:00:14.087759
7840	1	0	0.00825	0	0:00:14.068138
7860	8	0	0.00825	0	0:00:14.086124
7880	0	0	3.58e-05	1	0:00:14.077212
7900	0	0	0.00657	1	0:00:14.079375
7920	9	0	0.0081	0	0:00:14.089610
7940	2	0	0.00825	0	0:00:14.074061
7960	0	0	0.00825	1	0:00:14.077902
7980	3	9	0.0014	0	0:00:14.093330
8000	9	0	0.00825	0	0:00:14.078415
8020	6	0	0.00825	0	0:00:14.080170
8040	2	0	0.000998	0	0:00:14.091311
8060	6	0	0.00634	0	0:00:14.088116
8080	4	1	0.00303	0	0:00:14.090750
8100	6	0	0.00825	0	0:00:14.087233
8120	8	0	0.00825	0	0:00:14.087754
8140	5	0	0.00227	0	0:00:14.085397
8160	6	4	0.00221	0	0:00:14.085362
8180	4	6	0.00167	0	0:00:14.087095
8200	3	0	0.00593	0	0:00:14.092335
8220	6	9	0.0047	0	0:00:14.094331
8240	7	0	0.00825	0	0:00:14.087868
8260	1	0	0.00379	0	0:00:14.084891
8280	4	4	0.00195	1	0:00:14.079654
8300	5	9	0.000636	0	0:00:14.091123
8320	7	0	0.00756	0	0:00:14.083226
8340	5	5	0.00825	1	0:00:14.086991
8360	7	0	0.00746	0	0:00:14.090324
8380	9	0	0.00576	0	0:00:14.083616
8400	0	0	0.00634	1	0:00:14.082664
8420	3	3	2.47e-05	1	0:00:14.085529
8440	5	0	0.00451	0	0:00:14.083293
8460	8	4	0.00248	0	0:00:14.088804
8480	2	-1	0.0	0	0:00:14.088038
8500	4	0	0.001	0	0:00:14.082361
8520	8	0	0.00704	0	0:00:14.099927
8540	4	1	0.000297	0	0:00:14.080450
8560	7	0	0.00825	0	0:00:14.080601
8580	3	0	0.00825	0	0:00:14.099978
8600	3	-1	0.0	0	0:00:14.091750
8620	3	-1	0.0	0	0:00:14.086284
8640	1	0	0.00825	0	0:00:14.083846
8660	7	2	0.00681	0	0:00:14.083429
8680	3	0	0.00763	0	0:00:14.084311
8700	3	1	0.00183	0	0:00:14.105300
8720	2	0	0.0081	0	0:00:14.088295
8740	2	-1	0.0	0	0:00:14.092123
8760	8	0	0.00825	0	0:00:14.087946
8780	4	9	0.00634	0	0:00:14.086222
8800	0	0	0.0081	1	0:00:14.075057
8820	2	0	0.00825	0	0:00:14.076329
8840	2	0	0.00738	0	0:00:14.096015
8860	2	2	0.00825	1	0:00:14.088852
8880	1	1	0.0026	1	0:00:14.074570
8900	2	0	0.00105	0	0:00:14.086763
8920	6	3	0.000237	0	0:00:14.084091
8940	6	0	0.00301	0	0:00:14.078242
8960	0	0	0.00825	1	0:00:14.063461
8980	9	7	0.000418	0	0:00:14.079157
9000	8	5	0.00107	0	0:00:14.089262
9020	7	0	0.0053	0	0:00:14.099030
9040	2	1	0.000194	0	0:00:14.090587
9060	9	4	0.000556	0	0:00:14.090872
9080	3	5	0.00411	0	0:00:14.075427
9100	9	0	0.00654	0	0:00:14.085549
9120	3	0	0.00825	0	0:00:14.082968
9140	7	1	0.00111	0	0:00:14.089310
9160	5	0	0.00158	0	0:00:14.087397
9180	5	0	0.00391	0	0:00:14.087584
9200	8	0	0.00555	0	0:00:14.077978
9220	8	0	0.00825	0	0:00:14.083053
9240	8	1	0.00198	0	0:00:14.090072
9260	5	9	0.000248	0	0:00:14.084594
9280	9	0	0.00825	0	0:00:14.091039
9300	5	1	0.00327	0	0:00:14.086795
9320	9	0	0.00825	0	0:00:14.081249
9340	1	0	0.00825	0	0:00:14.088137
9360	5	9	0.0035	0	0:00:14.091430
9380	5	2	0.00301	0	0:00:14.090456
9400	6	6	0.00312	1	0:00:14.096530
9420	5	-1	0.0	0	0:00:14.086148
9440	8	5	0.000538	0	0:00:14.087269
9460	3	9	0.00642	0	0:00:14.089344
9480	2	0	0.00274	0	0:00:14.085391
9500	9	0	0.000308	0	0:00:14.080930
9520	1	0	0.00825	0	0:00:14.085191
9540	5	5	0.00825	1	0:00:14.080431
9560	9	7	0.00148	0	0:00:14.090563
9580	1	0	0.00382	0	0:00:14.081201
9600	8	0	0.00301	0	0:00:14.083875
9620	4	0	0.00825	0	0:00:14.087878
9640	5	1	0.00312	0	0:00:14.091532
9660	6	0	0.00825	0	0:00:14.087356
9680	8	0	0.00401	0	0:00:14.079937
9700	0	0	0.00425	1	0:00:14.078196
9720	8	-1	0.0	0	0:00:14.086464
9740	3	6	0.00236	0	0:00:14.093388
9760	9	0	0.00759	0	0:00:14.080335
9780	4	0	0.00825	0	0:00:14.085772
9800	1	0	0.00825	0	0:00:14.079675
9820	0	-1	0.0	0	0:00:14.089862
9840	4	1	0.000216	0	0:00:14.091274
9860	0	4	0.00184	0	0:00:14.086083
9880	7	0	0.00595	0	0:00:14.081499
9900	8	0	0.00784	0	0:00:14.081765
9920	6	0	0.00711	0	0:00:14.081835
9940	4	0	0.00611	0	0:00:14.083580
9960	2	0	0.00825	0	0:00:14.082664
9980	0	0	0.00825	1	0:00:14.071113
