idx	label	predict	radius	correct	time
0	3	3	0.00825	1	0:00:31.167695
20	7	7	0.0081	1	0:00:14.170922
40	4	4	0.00825	1	0:00:14.234834
60	7	7	0.00825	1	0:00:14.330426
80	8	8	0.00825	1	0:00:14.332278
100	4	4	0.00507	1	0:00:14.386248
120	8	8	0.00825	1	0:00:14.426761
140	6	6	0.00825	1	0:00:14.462439
160	2	2	0.00631	1	0:00:14.508019
180	0	0	0.00825	1	0:00:14.535284
200	5	5	0.00808	1	0:00:14.610054
220	7	7	0.00825	1	0:00:14.925997
240	1	1	0.00825	1	0:00:15.367029
260	8	8	0.00825	1	0:00:15.512141
280	9	9	0.00825	1	0:00:16.930177
300	6	6	0.00825	1	0:00:17.651719
320	3	3	0.0055	1	0:00:16.727094
340	2	6	0.00283	0	0:00:17.833209
360	9	9	0.00825	1	0:00:18.828054
380	6	6	0.00825	1	0:00:20.929574
400	9	9	0.00825	1	0:00:20.558059
420	4	4	0.00825	1	0:00:18.364051
440	1	1	0.00825	1	0:00:20.184159
460	5	5	0.00825	1	0:00:24.489210
480	8	9	0.00529	0	0:00:19.230176
500	4	6	0.00808	0	0:00:24.032584
520	5	7	0.0019	0	0:00:20.429612
540	1	1	0.00825	1	0:00:21.159734
560	0	0	0.00825	1	0:00:21.273156
580	4	4	0.00825	1	0:00:24.022393
600	8	8	0.00825	1	0:00:20.715075
620	7	7	0.00825	1	0:00:21.881255
640	5	3	0.00825	0	0:00:21.802359
660	9	9	0.00825	1	0:00:22.205200
680	9	9	0.00122	1	0:00:22.774188
700	7	7	0.00825	1	0:00:22.652339
720	4	4	0.00691	1	0:00:21.651753
740	2	5	0.00825	0	0:00:22.321127
760	3	3	0.00548	1	0:00:22.326356
780	9	9	0.00804	1	0:00:22.320308
800	7	7	0.00825	1	0:00:23.031285
820	6	6	0.00613	1	0:00:23.560859
840	7	7	0.00825	1	0:00:22.751605
860	4	4	0.00825	1	0:00:21.559236
880	8	8	0.00825	1	0:00:22.080797
900	2	6	0.00504	0	0:00:22.265455
920	6	6	0.00825	1	0:00:22.958138
940	9	9	0.00825	1	0:00:21.573390
960	9	9	0.00825	1	0:00:25.513307
980	2	6	0.00812	0	0:00:20.587066
1000	5	5	0.00825	1	0:00:23.076913
1020	1	1	0.00825	1	0:00:22.123842
1040	7	5	0.00825	0	0:00:22.418249
1060	9	9	0.00825	1	0:00:23.826883
1080	6	6	0.00825	1	0:00:21.652888
1100	7	0	0.00206	0	0:00:21.712746
1120	5	5	0.00235	1	0:00:24.117499
1140	6	6	0.00825	1	0:00:22.896081
1160	8	8	0.00817	1	0:00:21.267016
1180	3	3	0.00825	1	0:00:25.318443
1200	8	8	0.00825	1	0:00:21.384794
1220	9	6	0.00225	0	0:00:21.265755
1240	2	6	0.00817	0	0:00:22.589977
1260	1	9	0.00226	0	0:00:23.023232
1280	3	5	0.00825	0	0:00:22.401067
1300	4	3	0.00825	0	0:00:22.283235
1320	7	7	0.00657	1	0:00:23.967245
1340	1	1	0.00825	1	0:00:22.389703
1360	7	7	0.00825	1	0:00:22.065532
1380	4	5	0.00217	0	0:00:22.064859
1400	5	3	0.00792	0	0:00:23.280245
1420	4	7	0.000799	0	0:00:21.986042
1440	0	8	0.00213	0	0:00:22.331867
1460	6	6	0.00825	1	0:00:22.661153
1480	1	1	0.00825	1	0:00:24.935185
1500	1	1	0.00825	1	0:00:20.562858
1520	7	7	0.00825	1	0:00:21.650373
1540	8	8	0.00825	1	0:00:22.510477
1560	7	7	0.00825	1	0:00:24.084598
1580	6	1	0.00414	0	0:00:21.849798
1600	8	9	0.00359	0	0:00:22.029736
1620	5	5	0.00052	1	0:00:21.853978
1640	7	3	0.000898	0	0:00:23.917142
1660	3	3	0.00825	1	0:00:21.678593
1680	6	6	0.00825	1	0:00:22.035035
1700	5	5	0.00296	1	0:00:22.917354
1720	4	4	0.00825	1	0:00:23.080927
1740	1	1	0.00825	1	0:00:21.591148
1760	0	0	0.00318	1	0:00:22.122199
1780	7	7	0.00825	1	0:00:21.379744
1800	4	0	0.00408	0	0:00:22.904780
1820	8	8	0.00737	1	0:00:22.571501
1840	8	9	0.00113	0	0:00:21.301113
1860	8	8	0.00825	1	0:00:23.341005
1880	1	1	0.00825	1	0:00:22.423780
1900	8	8	0.00825	1	0:00:22.301413
1920	2	2	0.00825	1	0:00:22.804905
1940	5	5	0.00817	1	0:00:21.829013
1960	2	5	0.00825	0	0:00:25.087018
1980	9	9	0.00825	1	0:00:20.142440
2000	1	1	0.00817	1	0:00:21.801192
2020	9	9	0.00825	1	0:00:23.762080
2040	0	0	0.00825	1	0:00:21.663754
2060	5	3	0.00346	0	0:00:24.294362
2080	1	1	0.00239	1	0:00:21.245423
2100	2	2	0.00825	1	0:00:21.588343
2120	4	8	0.00825	0	0:00:24.400133
2140	9	9	0.00825	1	0:00:21.121809
2160	0	8	7.89e-05	0	0:00:21.629282
2180	4	4	0.00825	1	0:00:22.776703
2200	0	0	0.00825	1	0:00:23.462552
2220	1	1	0.00825	1	0:00:24.559807
2240	9	9	0.00825	1	0:00:23.192786
2260	4	4	0.00825	1	0:00:19.547636
2280	4	8	0.00565	0	0:00:22.096428
2300	3	4	0.000145	0	0:00:21.961057
2320	5	2	0.00825	0	0:00:22.167492
2340	7	7	0.00825	1	0:00:23.767622
2360	7	7	0.00817	1	0:00:22.814047
2380	8	8	0.00825	1	0:00:24.001225
2400	0	0	0.00825	1	0:00:22.082077
2420	8	8	0.006	1	0:00:21.288235
2440	7	7	0.00825	1	0:00:22.559389
2460	9	9	0.00825	1	0:00:22.454219
2480	8	8	0.00825	1	0:00:21.537659
2500	4	4	0.00111	1	0:00:22.928373
2520	1	1	0.00672	1	0:00:22.618145
2540	2	3	0.000167	0	0:00:22.733609
2560	7	7	0.00825	1	0:00:22.997820
2580	6	6	0.00825	1	0:00:21.761353
2600	8	8	0.00825	1	0:00:22.694520
2620	1	1	0.00825	1	0:00:21.475167
2640	7	7	0.00825	1	0:00:23.365745
2660	3	3	0.00317	1	0:00:22.048252
2680	0	0	0.00825	1	0:00:23.184661
2700	9	9	0.00174	1	0:00:22.159023
2720	3	3	0.00825	1	0:00:22.246849
2740	1	1	0.00825	1	0:00:22.612082
2760	2	2	0.00825	1	0:00:22.236707
2780	7	7	0.00825	1	0:00:22.918602
2800	4	4	0.00825	1	0:00:22.730799
2820	6	6	0.00825	1	0:00:22.078097
2840	3	3	0.00825	1	0:00:23.026502
2860	5	5	8.64e-06	1	0:00:22.357504
2880	4	4	0.00825	1	0:00:23.583479
2900	3	5	0.00178	0	0:00:21.164051
2920	2	3	0.00355	0	0:00:22.008666
2940	3	0	0.00825	0	0:00:22.665809
2960	9	9	0.00054	1	0:00:22.656059
2980	8	8	0.00825	1	0:00:22.529555
3000	5	5	0.00825	1	0:00:23.488170
3020	1	1	0.00825	1	0:00:21.819625
3040	7	7	0.00825	1	0:00:22.268719
3060	7	7	0.00825	1	0:00:24.323394
3080	1	1	0.00261	1	0:00:21.312036
3100	0	0	0.00825	1	0:00:21.331208
3120	4	6	0.00567	0	0:00:24.784120
3140	8	8	0.00825	1	0:00:21.669035
3160	6	4	0.000234	0	0:00:24.819463
3180	3	3	0.00703	1	0:00:23.824981
3200	5	5	0.00825	1	0:00:19.477883
3220	3	3	0.00291	1	0:00:23.576076
3240	4	1	0.00474	0	0:00:21.199318
3260	7	7	0.00825	1	0:00:22.188314
3280	3	5	0.00825	0	0:00:25.325518
3300	4	4	0.0057	1	0:00:21.336523
3320	2	7	0.00825	0	0:00:22.750875
3340	6	6	0.00825	1	0:00:21.517197
3360	4	4	0.00796	1	0:00:22.047178
3380	8	8	0.00825	1	0:00:24.045262
3400	6	0	0.003	0	0:00:21.728394
3420	5	3	0.0037	0	0:00:22.556779
3440	2	3	0.00825	0	0:00:22.081205
3460	1	1	0.00825	1	0:00:22.311852
3480	2	2	0.00825	1	0:00:22.151936
3500	1	1	0.00825	1	0:00:22.908802
3520	1	1	0.00825	1	0:00:22.945454
3540	6	6	0.00825	1	0:00:24.207670
3560	1	9	0.00786	0	0:00:21.128405
3580	4	4	0.0036	1	0:00:22.791028
3600	4	2	0.00825	0	0:00:22.391732
3620	0	0	0.00126	1	0:00:22.841586
3640	6	2	0.00771	0	0:00:22.003730
3660	0	0	0.00825	1	0:00:22.688292
3680	0	2	0.000962	0	0:00:22.348042
3700	3	3	0.00825	1	0:00:22.652888
3720	2	2	0.00825	1	0:00:23.026677
3740	0	0	0.00825	1	0:00:21.602865
3760	7	7	0.00825	1	0:00:24.068643
3780	4	4	0.00261	1	0:00:21.328482
3800	9	9	0.00825	1	0:00:22.487141
3820	0	0	0.00825	1	0:00:23.134444
3840	6	3	0.00611	0	0:00:23.805259
3860	7	7	0.00825	1	0:00:22.097403
3880	6	6	0.00787	1	0:00:22.677652
3900	3	6	0.00783	0	0:00:21.769138
3920	7	9	0.00148	0	0:00:23.986851
3940	6	6	0.000395	1	0:00:23.248117
3960	2	2	0.00825	1	0:00:22.276074
3980	9	7	0.00416	0	0:00:22.109668
4000	8	7	0.00249	0	0:00:21.929502
4020	8	8	0.00825	1	0:00:22.662038
4040	0	0	0.00825	1	0:00:22.295241
4060	6	6	0.00825	1	0:00:23.993789
4080	1	1	0.00825	1	0:00:24.669350
4100	7	7	0.00825	1	0:00:20.956049
4120	4	4	0.00825	1	0:00:21.437304
4140	5	5	0.00825	1	0:00:24.845950
4160	5	5	0.00812	1	0:00:21.373163
4180	0	0	0.00395	1	0:00:22.272146
4200	4	4	0.00825	1	0:00:23.003723
4220	4	0	0.00825	0	0:00:22.092095
4240	7	0	0.00825	0	0:00:23.001775
4260	8	8	0.00825	1	0:00:22.715300
4280	8	8	0.00576	1	0:00:22.226485
4300	8	8	0.00825	1	0:00:21.395823
4320	1	1	6.33e-05	1	0:00:23.758789
4340	0	0	0.00825	1	0:00:23.054931
4360	6	6	0.00825	1	0:00:22.749652
4380	9	9	0.00825	1	0:00:24.547648
4400	3	6	0.0075	0	0:00:21.542264
4420	5	5	0.00825	1	0:00:23.163933
4440	2	2	0.00825	1	0:00:22.147237
4460	9	9	0.00825	1	0:00:23.945403
4480	9	9	0.00825	1	0:00:20.782335
4500	3	3	0.00167	1	0:00:23.152030
4520	3	6	0.00175	0	0:00:21.895459
4540	9	9	0.00825	1	0:00:23.741330
4560	1	1	0.00825	1	0:00:21.743961
4580	6	6	0.00205	1	0:00:23.924803
4600	4	7	0.00127	0	0:00:21.745224
4620	7	3	0.00727	0	0:00:21.610435
4640	2	2	0.00825	1	0:00:23.818385
4660	7	6	0.00273	0	0:00:22.007235
4680	9	9	0.00825	1	0:00:22.598888
4700	6	5	0.00542	0	0:00:22.246032
4720	8	8	0.00551	1	0:00:23.319776
4740	5	3	0.00734	0	0:00:22.368090
4760	3	2	0.00204	0	0:00:22.775134
4780	0	0	0.00685	1	0:00:22.697975
4800	9	9	0.00825	1	0:00:21.962498
4820	3	3	0.00825	1	0:00:23.031690
4840	0	0	0.00825	1	0:00:22.918945
4860	5	5	0.00825	1	0:00:22.873091
4880	0	7	0.00042	0	0:00:23.171551
4900	3	3	0.00825	1	0:00:22.894175
4920	7	7	0.00825	1	0:00:22.576285
4940	6	6	0.00825	1	0:00:23.069058
4960	4	4	0.00178	1	0:00:22.435282
4980	1	9	0.00825	0	0:00:23.242578
5000	7	7	0.00825	1	0:00:22.080635
5020	8	8	0.00825	1	0:00:23.020293
5040	3	3	0.00825	1	0:00:21.914507
5060	6	6	0.00825	1	0:00:23.253855
5080	7	7	0.00825	1	0:00:22.429049
5100	3	3	0.00825	1	0:00:22.846680
5120	9	9	0.00799	1	0:00:22.471831
5140	8	8	0.00825	1	0:00:22.262745
5160	0	0	0.00825	1	0:00:24.203795
5180	9	7	0.00825	0	0:00:21.433811
5200	3	3	0.00825	1	0:00:25.029038
5220	0	0	0.00825	1	0:00:20.920077
5240	1	1	0.00825	1	0:00:22.609784
5260	0	0	0.00825	1	0:00:22.232172
5280	0	8	0.00825	0	0:00:23.038270
5300	9	9	0.00825	1	0:00:23.475388
5320	7	7	0.00825	1	0:00:22.637824
5340	3	4	0.00825	0	0:00:22.352866
5360	9	9	0.00825	1	0:00:23.480265
5380	1	9	0.0078	0	0:00:22.359996
5400	9	9	0.00825	1	0:00:22.740967
5420	6	6	0.00825	1	0:00:22.710919
5440	9	9	0.00825	1	0:00:23.732113
5460	0	0	0.00825	1	0:00:23.444617
5480	1	1	0.00825	1	0:00:21.018864
5500	8	8	0.00825	1	0:00:23.767241
5520	4	4	0.004	1	0:00:25.178881
5540	5	5	0.0029	1	0:00:21.281822
5560	3	6	0.00812	0	0:00:24.088484
5580	5	6	0.00448	0	0:00:21.162723
5600	6	6	0.00612	1	0:00:23.594970
5620	3	3	0.00381	1	0:00:22.271765
5640	2	2	0.00556	1	0:00:22.427779
5660	9	9	0.00825	1	0:00:22.099116
5680	2	1	0.000107	0	0:00:21.867175
5700	3	5	0.00488	0	0:00:23.025278
5720	9	9	0.00825	1	0:00:23.213998
5740	6	6	0.000588	1	0:00:21.449220
5760	2	2	0.00817	1	0:00:23.878938
5780	7	7	0.00825	1	0:00:23.844468
5800	2	2	0.00825	1	0:00:20.469123
5820	5	5	0.00825	1	0:00:22.398143
5840	2	2	0.00825	1	0:00:22.548736
5860	0	0	0.00825	1	0:00:24.245627
5880	0	0	0.00825	1	0:00:21.720752
5900	4	3	0.00657	0	0:00:22.141614
5920	8	8	0.00825	1	0:00:23.859964
5940	7	7	0.00184	1	0:00:21.528134
5960	2	6	0.00812	0	0:00:23.222601
5980	9	9	0.00825	1	0:00:21.784160
6000	8	8	0.00804	1	0:00:23.263523
6020	6	6	0.00825	1	0:00:21.996822
6040	2	7	0.00497	0	0:00:23.960850
6060	3	3	0.000754	1	0:00:21.524303
6080	1	1	0.00825	1	0:00:23.224549
6100	1	1	0.00825	1	0:00:21.726830
6120	5	5	0.00825	1	0:00:22.604529
6140	9	9	0.00825	1	0:00:22.531158
6160	2	2	0.00771	1	0:00:23.316631
6180	0	0	0.00825	1	0:00:22.558110
6200	3	3	0.00825	1	0:00:23.030015
6220	2	5	0.00116	0	0:00:22.334388
6240	2	2	0.00774	1	0:00:24.255411
6260	2	8	0.00113	0	0:00:22.407435
6280	8	5	0.00656	0	0:00:21.806087
6300	1	1	0.00825	1	0:00:24.354589
6320	0	0	0.00825	1	0:00:21.443388
6340	3	3	0.00817	1	0:00:22.913536
6360	2	2	0.00624	1	0:00:22.674679
6380	3	3	0.00105	1	0:00:22.925625
6400	0	0	0.00825	1	0:00:22.329565
6420	7	7	0.00825	1	0:00:22.507528
6440	3	3	0.00136	1	0:00:22.639536
6460	3	3	0.00825	1	0:00:23.908135
6480	0	0	0.00825	1	0:00:23.572989
6500	7	6	0.00437	0	0:00:21.868272
6520	6	6	0.0075	1	0:00:21.887722
6540	8	8	0.00825	1	0:00:23.666329
6560	6	6	0.00825	1	0:00:24.758004
6580	1	1	0.00281	1	0:00:23.765440
6600	7	7	0.00825	1	0:00:22.135017
6620	7	7	0.00825	1	0:00:19.961952
6640	5	3	0.00825	0	0:00:23.915798
6660	0	0	0.00825	1	0:00:23.461564
6680	3	5	0.00825	0	0:00:21.656977
6700	6	6	0.00825	1	0:00:22.869694
6720	2	2	0.00825	1	0:00:23.285265
6740	2	2	0.00716	1	0:00:22.318050
6760	5	5	0.00825	1	0:00:21.936574
6780	7	7	0.00825	1	0:00:22.480737
6800	6	6	0.00744	1	0:00:22.229530
6820	1	1	0.00825	1	0:00:23.407176
6840	9	9	0.00825	1	0:00:22.911164
6860	0	0	0.00825	1	0:00:24.624945
6880	2	2	0.00825	1	0:00:22.800033
6900	3	3	0.00825	1	0:00:22.381790
6920	5	2	0.00346	0	0:00:21.890445
6940	1	1	0.00825	1	0:00:23.199199
6960	9	9	0.00652	1	0:00:22.159123
6980	0	0	0.00212	1	0:00:23.418154
7000	2	8	0.00716	0	0:00:22.558764
7020	7	7	0.00825	1	0:00:22.215949
7040	7	0	0.00461	0	0:00:22.507841
7060	8	8	0.00825	1	0:00:23.382957
7080	5	4	0.00611	0	0:00:23.003647
7100	9	3	0.00825	0	0:00:22.277850
7120	7	7	0.00586	1	0:00:23.524451
7140	4	4	0.00795	1	0:00:22.701918
7160	5	5	0.00825	1	0:00:21.191335
7180	6	6	0.00825	1	0:00:24.870011
7200	4	6	9.34e-05	0	0:00:20.887161
7220	9	9	0.00825	1	0:00:23.798651
7240	0	0	0.00825	1	0:00:22.233396
7260	1	1	0.00812	1	0:00:22.144481
7280	1	9	0.00801	0	0:00:22.911787
7300	3	5	4.78e-05	0	0:00:24.975163
7320	8	0	0.0008	0	0:00:20.958432
7340	2	4	0.00358	0	0:00:22.502570
7360	2	7	0.00392	0	0:00:22.506564
7380	7	7	0.00825	1	0:00:23.332665
7400	3	3	0.00825	1	0:00:22.307365
7420	3	2	0.00097	0	0:00:24.529393
7440	3	3	0.00825	1	0:00:20.803007
7460	5	5	0.00825	1	0:00:24.339475
7480	1	8	0.00318	0	0:00:20.760719
7500	6	6	0.00825	1	0:00:23.450399
7520	4	4	0.00825	1	0:00:22.376583
7540	5	5	0.00825	1	0:00:22.396635
7560	0	0	0.00825	1	0:00:22.100874
7580	8	8	0.00825	1	0:00:23.089901
7600	8	9	0.00606	0	0:00:22.825634
7620	5	3	0.00221	0	0:00:22.768535
7640	9	9	0.00825	1	0:00:23.151678
7660	7	7	0.00825	1	0:00:22.726337
7680	3	5	0.00652	0	0:00:22.933291
7700	6	6	0.00825	1	0:00:23.713676
7720	5	5	0.00726	1	0:00:24.468555
7740	4	4	0.00808	1	0:00:20.287671
7760	2	2	0.00224	1	0:00:22.453132
7780	3	9	0.00284	0	0:00:22.654624
7800	0	0	0.00825	1	0:00:22.320098
7820	5	5	0.003	1	0:00:23.924893
7840	1	1	0.00825	1	0:00:22.721503
7860	8	8	0.00825	1	0:00:21.998904
7880	0	0	0.00825	1	0:00:22.547810
7900	0	0	0.00531	1	0:00:22.715756
7920	9	9	0.00825	1	0:00:22.453204
7940	2	6	0.00483	0	0:00:21.933673
7960	0	0	0.00825	1	0:00:23.967464
7980	3	3	0.00825	1	0:00:23.195716
8000	9	9	0.00825	1	0:00:22.183472
8020	6	3	0.00825	0	0:00:24.170538
8040	2	2	0.00825	1	0:00:21.505706
8060	6	6	0.00825	1	0:00:22.916558
8080	4	4	0.00311	1	0:00:22.319332
8100	6	6	0.00804	1	0:00:22.178390
8120	8	8	0.00367	1	0:00:23.156614
8140	5	7	0.00399	0	0:00:23.116866
8160	6	6	0.00825	1	0:00:23.859879
8180	4	4	0.00825	1	0:00:21.871747
8200	3	4	0.0012	0	0:00:22.477326
8220	6	6	0.00428	1	0:00:22.800716
8240	7	7	0.00825	1	0:00:21.567147
8260	1	1	0.00825	1	0:00:23.204550
8280	4	5	0.00166	0	0:00:23.364402
8300	5	4	0.00104	0	0:00:22.465578
8320	7	7	0.00135	1	0:00:22.345815
8340	5	5	0.00269	1	0:00:22.808989
8360	7	7	0.00825	1	0:00:24.192749
8380	9	9	0.00825	1	0:00:22.370808
8400	0	0	0.00825	1	0:00:22.261432
8420	3	6	0.00825	0	0:00:22.339811
8440	5	5	0.00817	1	0:00:23.105630
8460	8	8	0.00825	1	0:00:22.450576
8480	2	2	0.00825	1	0:00:22.836580
8500	4	4	0.00825	1	0:00:23.628234
8520	8	8	0.00825	1	0:00:22.283493
8540	4	4	0.00472	1	0:00:22.148500
8560	7	7	0.00825	1	0:00:22.535890
8580	3	5	0.00825	0	0:00:22.792711
8600	3	3	0.00291	1	0:00:21.602395
8620	3	6	0.00107	0	0:00:23.285113
8640	1	1	0.00825	1	0:00:23.563161
8660	7	7	0.00825	1	0:00:22.307144
8680	3	6	0.000487	0	0:00:21.940067
8700	3	3	0.00584	1	0:00:23.165345
8720	2	0	0.00825	0	0:00:21.814594
8740	2	2	0.00779	1	0:00:21.539707
8760	8	8	0.00825	1	0:00:24.559039
8780	4	4	0.00825	1	0:00:21.782035
8800	0	0	0.00825	1	0:00:22.365264
8820	2	2	0.00825	1	0:00:23.873576
8840	2	1	0.00193	0	0:00:21.103113
8860	2	2	0.00825	1	0:00:23.471271
8880	1	1	0.00825	1	0:00:22.915745
8900	2	4	0.00544	0	0:00:24.364770
8920	6	6	0.00825	1	0:00:21.760418
8940	6	3	0.00825	0	0:00:21.544873
8960	0	0	0.00825	1	0:00:22.669132
8980	9	9	0.00825	1	0:00:22.557014
9000	8	8	0.00825	1	0:00:22.736914
9020	7	7	0.00825	1	0:00:22.419838
9040	2	5	0.00825	0	0:00:22.410492
9060	9	9	0.00825	1	0:00:22.163686
9080	3	3	0.00789	1	0:00:21.829824
9100	9	1	0.00191	0	0:00:23.365949
9120	3	3	0.00315	1	0:00:23.353437
9140	7	7	0.00801	1	0:00:22.171269
9160	5	5	0.00825	1	0:00:23.802912
9180	5	5	0.00825	1	0:00:22.525114
9200	8	8	0.00825	1	0:00:21.484058
9220	8	8	0.00825	1	0:00:24.571087
9240	8	8	0.00825	1	0:00:24.015605
9260	5	5	0.00223	1	0:00:20.113607
9280	9	9	0.000137	1	0:00:23.455945
9300	5	5	0.00204	1	0:00:22.503369
9320	9	9	0.00825	1	0:00:22.751775
9340	1	1	0.00825	1	0:00:22.045578
9360	5	0	0.00784	0	0:00:22.550808
9380	5	3	0.00375	0	0:00:22.738127
9400	6	6	0.00825	1	0:00:22.089699
9420	5	5	0.00825	1	0:00:22.352326
9440	8	8	0.00825	1	0:00:22.763156
9460	3	3	0.00775	1	0:00:22.681126
9480	2	2	0.00484	1	0:00:21.712202
9500	9	9	0.00825	1	0:00:22.768183
9520	1	1	0.00825	1	0:00:25.320128
9540	5	5	0.00825	1	0:00:21.069663
9560	9	7	0.00825	0	0:00:21.574845
9580	1	1	0.00825	1	0:00:24.059051
9600	8	8	0.00817	1	0:00:20.829326
9620	4	4	0.00825	1	0:00:23.028276
9640	5	5	0.00825	1	0:00:24.880534
9660	6	6	0.00825	1	0:00:24.386005
9680	8	8	0.00825	1	0:00:20.039506
9700	0	0	0.00825	1	0:00:24.029669
9720	8	8	0.00414	1	0:00:21.972150
9740	3	6	0.00825	0	0:00:22.466090
9760	9	9	0.00825	1	0:00:21.712251
9780	4	6	0.00608	0	0:00:22.914873
9800	1	1	0.00825	1	0:00:22.237227
9820	0	8	0.00307	0	0:00:23.496241
9840	4	3	0.00202	0	0:00:23.296372
9860	0	0	0.0019	1	0:00:22.131344
9880	7	7	0.00155	1	0:00:23.185251
9900	8	8	0.00825	1	0:00:22.347937
9920	6	6	0.00825	1	0:00:22.283559
9940	4	4	0.00234	1	0:00:22.750124
9960	2	0	0.00825	0	0:00:22.604387
9980	0	0	0.00825	1	0:00:23.220236
