idx	label	predict	radius	correct	time
0	3	3	0.00825	1	0:00:12.152043
20	7	7	0.00825	1	0:00:06.174789
40	4	4	0.00825	1	0:00:06.193626
60	7	7	0.00825	1	0:00:06.213626
80	8	8	0.00825	1	0:00:06.224838
100	4	4	0.000749	1	0:00:06.243667
120	8	8	0.00825	1	0:00:06.255405
140	6	6	0.00825	1	0:00:06.274584
160	2	2	0.00825	1	0:00:06.304682
180	0	0	0.00825	1	0:00:06.300416
200	5	5	0.00778	1	0:00:06.309082
220	7	7	0.00825	1	0:00:06.322987
240	1	1	0.00825	1	0:00:06.333900
260	8	8	0.00825	1	0:00:06.341811
280	9	9	0.00825	1	0:00:06.357962
300	6	6	0.00825	1	0:00:06.357932
320	3	3	0.00825	1	0:00:06.363578
340	2	2	0.000355	1	0:00:06.378575
360	9	9	0.00825	1	0:00:06.386844
380	6	6	0.00825	1	0:00:06.388791
400	9	9	0.00825	1	0:00:06.404378
420	4	4	0.00825	1	0:00:06.403429
440	1	1	0.00825	1	0:00:06.411496
460	5	5	0.00825	1	0:00:06.425035
480	8	8	0.00204	1	0:00:06.424386
500	4	6	0.00825	0	0:00:06.431449
520	5	5	0.00825	1	0:00:06.461742
540	1	1	0.00825	1	0:00:06.445956
560	0	0	0.00825	1	0:00:06.475162
580	4	4	0.00825	1	0:00:06.523351
600	8	8	0.00825	1	0:00:06.627247
620	7	7	0.00825	1	0:00:06.721907
640	5	3	0.00799	0	0:00:06.809680
660	9	9	0.00825	1	0:00:06.860301
680	9	1	0.00195	0	0:00:06.902982
700	7	7	0.00825	1	0:00:06.918892
720	4	4	0.000862	1	0:00:06.905768
740	2	5	0.00446	0	0:00:07.127260
760	3	3	0.00812	1	0:00:07.832061
780	9	9	0.00825	1	0:00:07.872397
800	7	7	0.00825	1	0:00:07.343380
820	6	6	0.00345	1	0:00:07.501227
840	7	7	0.00825	1	0:00:08.800356
860	4	4	0.00825	1	0:00:08.535202
880	8	8	0.00825	1	0:00:07.712963
900	2	6	0.0041	0	0:00:07.711939
920	6	6	0.00825	1	0:00:07.923581
940	9	9	0.00825	1	0:00:08.749984
960	9	9	0.00825	1	0:00:10.033683
980	2	6	0.0054	0	0:00:09.466841
1000	5	5	0.00825	1	0:00:08.451257
1020	1	1	0.00825	1	0:00:08.461771
1040	7	5	0.00799	0	0:00:08.923549
1060	9	9	0.00825	1	0:00:10.994901
1080	6	6	0.00825	1	0:00:09.924618
1100	7	8	0.00234	0	0:00:08.881952
1120	5	2	0.00348	0	0:00:09.050699
1140	6	6	0.00825	1	0:00:09.093693
1160	8	8	0.00825	1	0:00:10.549220
1180	3	3	0.00825	1	0:00:09.898190
1200	8	8	0.00825	1	0:00:09.312446
1220	9	6	0.000669	0	0:00:10.374805
1240	2	6	0.00825	0	0:00:10.395560
1260	1	1	0.00544	1	0:00:09.392593
1280	3	3	0.00393	1	0:00:09.409129
1300	4	3	0.00687	0	0:00:09.891385
1320	7	7	0.00825	1	0:00:11.424692
1340	1	1	0.00825	1	0:00:09.886991
1360	7	7	0.00825	1	0:00:10.646191
1380	4	5	0.00693	0	0:00:10.369223
1400	5	3	0.00768	0	0:00:09.640685
1420	4	4	0.00285	1	0:00:09.854771
1440	0	0	0.00388	1	0:00:10.955193
1460	6	6	0.00825	1	0:00:10.903290
1480	1	1	0.00825	1	0:00:10.890676
1500	1	1	0.00825	1	0:00:10.013889
1520	7	7	0.00825	1	0:00:09.590466
1540	8	8	0.00825	1	0:00:10.711968
1560	7	7	0.00825	1	0:00:10.411394
1580	6	1	0.00218	0	0:00:10.404561
1600	8	9	0.0081	0	0:00:12.986242
1620	5	5	0.000372	1	0:00:10.902399
1640	7	7	0.00282	1	0:00:10.637204
1660	3	3	0.00825	1	0:00:10.574090
1680	6	6	0.00825	1	0:00:09.576566
1700	5	5	0.0078	1	0:00:10.183366
1720	4	4	0.00801	1	0:00:11.156948
1740	1	1	0.00354	1	0:00:10.219847
1760	0	0	0.00825	1	0:00:11.053875
1780	7	7	0.00825	1	0:00:10.423488
1800	4	4	0.00201	1	0:00:10.409420
1820	8	8	0.00825	1	0:00:10.466261
1840	8	4	2.96e-05	0	0:00:09.925192
1860	8	8	0.00825	1	0:00:10.786227
1880	1	1	0.00825	1	0:00:10.503360
1900	8	8	0.00825	1	0:00:10.102307
1920	2	2	0.00825	1	0:00:11.460967
1940	5	5	0.00825	1	0:00:11.448768
1960	2	5	0.00825	0	0:00:10.807535
1980	9	9	0.00825	1	0:00:09.471339
2000	1	1	0.00825	1	0:00:10.060510
2020	9	9	0.00825	1	0:00:12.103499
2040	0	0	0.00825	1	0:00:11.004147
2060	5	3	0.00825	0	0:00:11.025309
2080	1	1	0.00532	1	0:00:10.190037
2100	2	2	0.00825	1	0:00:10.185186
2120	4	8	0.00804	0	0:00:10.678611
2140	9	9	0.00825	1	0:00:10.333056
2160	0	0	0.00378	1	0:00:12.802435
2180	4	4	0.00825	1	0:00:11.942385
2200	0	2	0.00115	0	0:00:09.892352
2220	1	1	0.00825	1	0:00:09.909250
2240	9	9	0.00825	1	0:00:09.934779
2260	4	4	0.00825	1	0:00:10.656449
2280	4	8	0.00262	0	0:00:12.717319
2300	3	4	0.00118	0	0:00:11.301128
2320	5	2	0.00509	0	0:00:10.027924
2340	7	7	0.00825	1	0:00:09.341203
2360	7	7	0.00825	1	0:00:10.253276
2380	8	8	0.00825	1	0:00:12.478901
2400	0	0	0.00825	1	0:00:11.031237
2420	8	8	0.00253	1	0:00:10.116040
2440	7	7	0.00825	1	0:00:10.195024
2460	9	9	0.00801	1	0:00:10.178012
2480	8	8	0.00825	1	0:00:10.138154
2500	4	4	0.00223	1	0:00:10.140812
2520	1	1	0.00825	1	0:00:10.797611
2540	2	3	0.0054	0	0:00:12.644618
2560	7	7	0.00825	1	0:00:11.600841
2580	6	6	0.00825	1	0:00:10.197547
2600	8	8	0.00825	1	0:00:09.995710
2620	1	1	0.00825	1	0:00:09.803859
2640	7	7	0.00825	1	0:00:11.404463
2660	3	3	0.00761	1	0:00:10.395442
2680	0	0	0.00825	1	0:00:09.808990
2700	9	9	0.00825	1	0:00:11.000218
2720	3	3	0.00825	1	0:00:11.495166
2740	1	1	0.00825	1	0:00:11.340364
2760	2	2	0.00825	1	0:00:09.258869
2780	7	7	0.00825	1	0:00:10.891861
2800	4	4	0.00825	1	0:00:10.783175
2820	6	6	0.00825	1	0:00:10.814143
2840	3	3	0.00825	1	0:00:10.814847
2860	5	5	0.0044	1	0:00:10.731148
2880	4	4	0.00825	1	0:00:09.480997
2900	3	5	0.000441	0	0:00:10.742331
2920	2	3	0.00163	0	0:00:10.486735
2940	3	0	0.00825	0	0:00:10.049296
2960	9	9	0.00825	1	0:00:12.795398
2980	8	8	0.00825	1	0:00:11.395493
3000	5	5	0.00825	1	0:00:10.814282
3020	1	1	0.00825	1	0:00:08.960632
3040	7	7	0.00825	1	0:00:10.213269
3060	7	7	0.00825	1	0:00:10.371236
3080	1	1	0.00825	1	0:00:11.173699
3100	0	0	0.00825	1	0:00:11.032765
3120	4	6	0.000577	0	0:00:10.548073
3140	8	8	0.00825	1	0:00:10.100352
3160	6	2	0.00825	0	0:00:11.233491
3180	3	3	0.00737	1	0:00:10.656522
3200	5	5	0.00825	1	0:00:10.328928
3220	3	9	0.00533	0	0:00:10.383351
3240	4	4	0.000983	1	0:00:10.407972
3260	7	7	0.00825	1	0:00:10.201504
3280	3	5	0.00772	0	0:00:11.362728
3300	4	4	0.00196	1	0:00:11.365510
3320	2	7	0.00825	0	0:00:11.449779
3340	6	6	0.00825	1	0:00:10.539232
3360	4	4	0.00825	1	0:00:09.760449
3380	8	8	0.00825	1	0:00:11.498655
3400	6	4	0.00825	0	0:00:11.472644
3420	5	5	0.00195	1	0:00:11.417136
3440	2	3	0.00825	0	0:00:10.847290
3460	1	1	0.00825	1	0:00:09.478457
3480	2	2	0.00825	1	0:00:10.967675
3500	1	9	0.00185	0	0:00:10.249025
3520	1	1	0.00825	1	0:00:10.216161
3540	6	6	0.00825	1	0:00:10.991343
3560	1	9	0.00047	0	0:00:10.354094
3580	4	4	0.00825	1	0:00:11.289101
3600	4	2	0.00825	0	0:00:11.678160
3620	0	0	0.00443	1	0:00:10.825366
3640	6	6	0.000174	1	0:00:10.279587
3660	0	0	0.00817	1	0:00:10.040010
3680	0	2	0.000457	0	0:00:11.081558
3700	3	3	0.00825	1	0:00:11.095696
3720	2	2	0.00825	1	0:00:10.260460
3740	0	0	0.00825	1	0:00:11.170832
3760	7	7	0.00825	1	0:00:11.401122
3780	4	4	0.00258	1	0:00:10.124227
3800	9	9	0.00825	1	0:00:11.118479
3820	0	0	0.00254	1	0:00:10.958905
3840	6	3	0.00825	0	0:00:11.287860
3860	7	7	0.00825	1	0:00:10.858787
3880	6	6	0.00471	1	0:00:10.837843
3900	3	6	0.000237	0	0:00:10.891477
3920	7	7	0.00646	1	0:00:10.857970
3940	6	6	0.00437	1	0:00:10.579744
3960	2	2	0.00825	1	0:00:09.947368
3980	9	9	0.00825	1	0:00:10.496530
4000	8	0	0.00055	0	0:00:10.659994
4020	8	8	0.00825	1	0:00:10.746077
4040	0	0	0.00825	1	0:00:10.698001
4060	6	6	0.00825	1	0:00:10.669233
4080	1	1	0.00825	1	0:00:11.271369
4100	7	7	0.00825	1	0:00:09.953622
4120	4	4	0.00825	1	0:00:10.233181
4140	5	5	0.00825	1	0:00:11.051605
4160	5	5	0.00825	1	0:00:11.856796
4180	0	0	0.0048	1	0:00:10.886581
4200	4	4	0.00676	1	0:00:10.862249
4220	4	0	0.00825	0	0:00:10.867333
4240	7	7	0.00132	1	0:00:10.951561
4260	8	8	0.00825	1	0:00:10.388807
4280	8	9	0.00216	0	0:00:10.071210
4300	8	8	0.00825	1	0:00:10.387560
4320	1	9	0.000196	0	0:00:11.656994
4340	0	0	0.00825	1	0:00:11.021315
4360	6	6	0.00825	1	0:00:10.477703
4380	9	9	0.00825	1	0:00:11.481681
4400	3	3	0.00162	1	0:00:11.409599
4420	5	5	0.00825	1	0:00:11.133188
4440	2	2	0.00825	1	0:00:10.428378
4460	9	9	0.00825	1	0:00:10.328158
4480	9	9	0.00825	1	0:00:10.452842
4500	3	3	0.00389	1	0:00:10.418597
4520	3	6	0.00825	0	0:00:11.244379
4540	9	9	0.00825	1	0:00:10.971783
4560	1	1	0.00825	1	0:00:10.304540
4580	6	6	0.00576	1	0:00:10.845554
4600	4	7	0.00285	0	0:00:12.004611
4620	7	7	0.00614	1	0:00:10.865460
4640	2	2	0.00825	1	0:00:09.694265
4660	7	4	0.00332	0	0:00:10.064145
4680	9	9	0.00825	1	0:00:11.292360
4700	6	5	0.000513	0	0:00:11.206396
4720	8	8	0.00825	1	0:00:11.157070
4740	5	3	0.00512	0	0:00:10.945079
4760	3	2	0.00825	0	0:00:10.316007
4780	0	0	0.00825	1	0:00:10.293500
4800	9	9	0.00825	1	0:00:10.359757
4820	3	3	0.00825	1	0:00:10.266366
4840	0	0	0.00825	1	0:00:11.746703
4860	5	5	0.00825	1	0:00:11.374436
4880	0	0	0.00493	1	0:00:09.487343
4900	3	3	0.00409	1	0:00:10.471384
4920	7	7	0.00825	1	0:00:09.638276
4940	6	6	0.00825	1	0:00:11.392238
4960	4	4	0.00295	1	0:00:11.176283
4980	1	9	0.00812	0	0:00:10.475950
5000	7	7	0.00825	1	0:00:10.288812
5020	8	8	0.00825	1	0:00:10.282526
5040	3	3	0.00825	1	0:00:10.314464
5060	6	6	0.00777	1	0:00:10.339935
5080	7	7	0.00825	1	0:00:12.062958
5100	3	3	0.00825	1	0:00:10.774048
5120	9	9	0.00796	1	0:00:10.232620
5140	8	8	0.00825	1	0:00:10.157932
5160	0	0	0.00825	1	0:00:11.451013
5180	9	7	0.00577	0	0:00:11.470827
5200	3	3	0.00825	1	0:00:11.220164
5220	0	0	0.00825	1	0:00:09.191694
5240	1	1	0.00812	1	0:00:10.490152
5260	0	0	0.00825	1	0:00:10.571975
5280	0	8	0.00402	0	0:00:11.171355
5300	9	9	0.00825	1	0:00:10.756634
5320	7	7	0.00825	1	0:00:10.757010
5340	3	4	0.00825	0	0:00:10.675904
5360	9	9	0.00825	1	0:00:10.745290
5380	1	9	0.00825	0	0:00:10.673267
5400	9	9	0.00825	1	0:00:10.890502
5420	6	6	0.00825	1	0:00:11.659709
5440	9	9	0.00825	1	0:00:10.255633
5460	0	0	0.00825	1	0:00:10.131424
5480	1	1	0.00825	1	0:00:11.322237
5500	8	8	0.00825	1	0:00:10.388296
5520	4	4	0.00825	1	0:00:10.217831
5540	5	2	0.00105	0	0:00:10.211645
5560	3	3	0.00495	1	0:00:11.529446
5580	5	6	0.00369	0	0:00:10.936002
5600	6	6	0.00457	1	0:00:10.577796
5620	3	2	0.0075	0	0:00:10.597764
5640	2	3	0.0048	0	0:00:10.013362
5660	9	9	0.00825	1	0:00:10.076028
5680	2	2	0.00327	1	0:00:11.914081
5700	3	5	0.00825	0	0:00:10.807180
5720	9	9	0.00825	1	0:00:10.800052
5740	6	6	0.00388	1	0:00:10.193586
5760	2	2	0.00825	1	0:00:09.926038
5780	7	7	0.00825	1	0:00:09.990066
5800	2	2	0.00825	1	0:00:10.609698
5820	5	5	0.00825	1	0:00:10.807934
5840	2	2	0.00808	1	0:00:10.817426
5860	0	0	0.00825	1	0:00:10.781709
5880	0	0	0.00825	1	0:00:10.713886
5900	4	3	0.00332	0	0:00:10.731308
5920	8	8	0.00825	1	0:00:10.592745
5940	7	7	0.00639	1	0:00:11.872020
5960	2	3	0.00094	0	0:00:10.750010
5980	9	9	0.00825	1	0:00:10.609024
6000	8	8	0.00825	1	0:00:09.875302
6020	6	6	0.00825	1	0:00:10.474566
6040	2	7	0.00755	0	0:00:11.217164
6060	3	4	0.00385	0	0:00:10.690911
6080	1	1	0.00825	1	0:00:11.213724
6100	1	1	0.00825	1	0:00:11.244707
6120	5	5	0.00825	1	0:00:11.217674
6140	9	9	0.00825	1	0:00:09.558704
6160	2	2	0.00825	1	0:00:10.340927
6180	0	0	0.00825	1	0:00:12.266824
6200	3	3	0.00825	1	0:00:12.220039
6220	2	2	0.00431	1	0:00:11.231054
6240	2	2	0.00825	1	0:00:10.869717
6260	2	2	0.00233	1	0:00:10.840923
6280	8	5	0.00278	0	0:00:10.857716
6300	1	1	0.00825	1	0:00:10.413555
6320	0	0	0.00825	1	0:00:09.050806
6340	3	3	0.0081	1	0:00:09.465998
6360	2	2	0.00825	1	0:00:10.378656
6380	3	3	0.00561	1	0:00:10.626327
6400	0	0	0.00825	1	0:00:10.717852
6420	7	7	0.00825	1	0:00:10.783407
6440	3	3	0.00165	1	0:00:10.509963
6460	3	3	0.00808	1	0:00:11.321196
6480	0	0	0.00825	1	0:00:10.429696
6500	7	6	0.00361	0	0:00:09.854336
6520	6	6	0.00537	1	0:00:10.609308
6540	8	8	0.00825	1	0:00:10.624036
6560	6	6	0.00825	1	0:00:10.641135
6580	1	1	0.00433	1	0:00:10.675481
6600	7	7	0.00825	1	0:00:10.047412
6620	7	7	0.00825	1	0:00:11.089290
6640	5	3	0.00825	0	0:00:11.136924
6660	0	0	0.00825	1	0:00:11.127947
6680	3	5	0.00825	0	0:00:11.154167
6700	6	6	0.00825	1	0:00:11.092515
6720	2	2	0.00825	1	0:00:11.046261
6740	2	2	0.00825	1	0:00:11.028882
6760	5	5	0.00825	1	0:00:11.089106
6780	7	7	0.00825	1	0:00:10.899713
6800	6	6	0.00825	1	0:00:10.141012
6820	1	1	0.00825	1	0:00:10.379072
6840	9	9	0.00825	1	0:00:10.805437
6860	0	0	0.00825	1	0:00:11.361896
6880	2	2	0.00825	1	0:00:10.590035
6900	3	3	0.00825	1	0:00:09.648786
6920	5	2	0.00147	0	0:00:11.562717
6940	1	1	0.00825	1	0:00:11.599611
6960	9	9	0.00825	1	0:00:09.463526
6980	0	0	0.00541	1	0:00:09.441913
7000	2	8	0.00523	0	0:00:11.035869
7020	7	7	0.00825	1	0:00:11.107991
7040	7	0	0.00328	0	0:00:10.864290
7060	8	8	0.00825	1	0:00:10.201543
7080	5	4	0.00825	0	0:00:09.694262
7100	9	5	0.00556	0	0:00:10.407567
7120	7	7	0.00825	1	0:00:11.191744
7140	4	4	0.00282	1	0:00:12.812847
7160	5	5	0.00825	1	0:00:11.279004
7180	6	6	0.00825	1	0:00:10.304486
7200	4	4	0.00801	1	0:00:09.743329
7220	9	9	0.00825	1	0:00:10.473250
7240	0	0	0.00817	1	0:00:11.050133
7260	1	1	0.00825	1	0:00:10.687105
7280	1	1	0.00804	1	0:00:10.436485
7300	3	5	0.00825	0	0:00:10.090652
7320	8	0	0.00282	0	0:00:10.536225
7340	2	4	0.000327	0	0:00:10.438670
7360	2	2	0.00783	1	0:00:11.218976
7380	7	7	0.00825	1	0:00:10.694295
7400	3	3	0.00626	1	0:00:10.465324
7420	3	4	0.00432	0	0:00:11.000172
7440	3	3	0.00825	1	0:00:11.137217
7460	5	5	0.00825	1	0:00:10.775052
7480	1	1	0.00629	1	0:00:10.446445
7500	6	6	0.00825	1	0:00:11.665868
7520	4	4	0.00825	1	0:00:11.536854
7540	5	5	0.00825	1	0:00:11.007535
7560	0	0	0.00825	1	0:00:10.587116
7580	8	8	0.00825	1	0:00:10.384066
7600	8	9	0.00825	0	0:00:10.503522
7620	5	3	0.00825	0	0:00:11.057338
7640	9	8	0.00341	0	0:00:11.009245
7660	7	7	0.00825	1	0:00:10.181597
7680	3	9	0.00366	0	0:00:10.253922
7700	6	6	0.00825	1	0:00:10.614559
7720	5	5	0.00825	1	0:00:12.976008
7740	4	4	0.00825	1	0:00:10.296393
7760	2	2	0.000114	1	0:00:10.341192
7780	3	9	0.000182	0	0:00:10.356316
7800	0	0	0.00825	1	0:00:10.697908
7820	5	5	0.00749	1	0:00:11.861297
7840	1	1	0.00825	1	0:00:11.842504
7860	8	8	0.00825	1	0:00:11.732410
7880	0	0	0.00825	1	0:00:11.076389
7900	0	0	4.39e-05	1	0:00:10.026141
7920	9	9	0.00825	1	0:00:10.138343
7940	2	6	0.00326	0	0:00:10.685297
7960	0	0	0.00825	1	0:00:10.709209
7980	3	3	0.00825	1	0:00:10.665121
8000	9	9	0.00825	1	0:00:10.931074
8020	6	3	0.00825	0	0:00:11.031680
8040	2	2	0.00825	1	0:00:11.041267
8060	6	6	0.00825	1	0:00:10.576868
8080	4	4	0.00825	1	0:00:11.980171
8100	6	2	0.00392	0	0:00:10.141080
8120	8	8	0.00796	1	0:00:11.142295
8140	5	7	0.00485	0	0:00:10.829255
8160	6	6	0.00825	1	0:00:11.984986
8180	4	4	0.00825	1	0:00:11.164412
8200	3	4	0.00264	0	0:00:10.791341
8220	6	6	0.00782	1	0:00:10.822215
8240	7	7	0.00825	1	0:00:10.866853
8260	1	1	0.00825	1	0:00:10.919091
8280	4	5	0.00242	0	0:00:10.838015
8300	5	4	0.000491	0	0:00:10.545973
8320	7	7	0.00614	1	0:00:10.015373
8340	5	5	0.00688	1	0:00:11.048222
8360	7	7	0.00825	1	0:00:10.499804
8380	9	9	0.00825	1	0:00:11.927830
8400	0	0	0.00825	1	0:00:11.243076
8420	3	6	0.00812	0	0:00:10.668977
8440	5	5	0.00358	1	0:00:10.358452
8460	8	8	0.00825	1	0:00:09.726338
8480	2	2	0.00789	1	0:00:11.159317
8500	4	4	0.00825	1	0:00:11.091645
8520	8	8	0.00137	1	0:00:11.124934
8540	4	4	0.00405	1	0:00:11.098754
8560	7	7	0.00825	1	0:00:10.309294
8580	3	5	0.00572	0	0:00:10.140048
8600	3	3	0.00667	1	0:00:11.156934
8620	3	3	0.000411	1	0:00:11.138436
8640	1	1	0.00825	1	0:00:11.148141
8660	7	7	0.00825	1	0:00:10.291398
8680	3	3	0.00295	1	0:00:10.622340
8700	3	3	0.000847	1	0:00:12.959912
8720	2	0	0.00825	0	0:00:10.875467
8740	2	2	0.00764	1	0:00:09.495228
8760	8	8	0.00825	1	0:00:10.237900
8780	4	4	0.00825	1	0:00:11.046610
8800	0	0	0.00825	1	0:00:11.660638
8820	2	2	0.00825	1	0:00:11.022107
8840	2	7	0.000341	0	0:00:10.606833
8860	2	2	0.00825	1	0:00:10.631014
8880	1	1	0.00825	1	0:00:10.594151
8900	2	-1	0.0	0	0:00:10.967266
8920	6	6	0.00825	1	0:00:12.747574
8940	6	3	0.00825	0	0:00:11.433347
8960	0	0	0.00825	1	0:00:11.373762
8980	9	9	0.00825	1	0:00:10.531814
9000	8	8	0.00825	1	0:00:10.507188
9020	7	7	0.00825	1	0:00:10.055537
9040	2	5	0.00355	0	0:00:09.692090
9060	9	9	0.00825	1	0:00:10.008343
9080	3	3	0.0078	1	0:00:10.919659
9100	9	1	0.00799	0	0:00:10.930419
9120	3	5	0.00176	0	0:00:10.887137
9140	7	7	0.00825	1	0:00:11.029531
9160	5	3	0.00228	0	0:00:11.400261
9180	5	5	0.00825	1	0:00:11.397733
9200	8	8	0.00825	1	0:00:10.556135
9220	8	8	0.00825	1	0:00:09.911258
9240	8	8	0.00825	1	0:00:11.922187
9260	5	5	0.00825	1	0:00:10.938365
9280	9	8	0.00147	0	0:00:10.932252
9300	5	2	0.0014	0	0:00:10.955274
9320	9	9	0.00825	1	0:00:10.944176
9340	1	1	0.00825	1	0:00:10.103617
9360	5	0	0.00804	0	0:00:10.591252
9380	5	3	0.00317	0	0:00:10.422574
9400	6	6	0.00825	1	0:00:11.303938
9420	5	5	0.00825	1	0:00:10.645742
9440	8	8	0.00825	1	0:00:10.428288
9460	3	3	0.0079	1	0:00:11.966034
9480	2	2	0.00543	1	0:00:10.946993
9500	9	9	0.00825	1	0:00:09.347234
9520	1	1	0.00825	1	0:00:10.193515
9540	5	5	0.00825	1	0:00:10.775059
9560	9	7	0.00825	0	0:00:10.802504
9580	1	1	0.00825	1	0:00:10.771902
9600	8	8	0.00825	1	0:00:10.776909
9620	4	4	0.00825	1	0:00:10.626388
9640	5	5	0.00825	1	0:00:11.985876
9660	6	6	0.00825	1	0:00:11.626135
9680	8	8	0.00825	1	0:00:10.208206
9700	0	0	0.00825	1	0:00:10.072088
9720	8	1	0.00171	0	0:00:10.825420
9740	3	6	0.00825	0	0:00:11.920275
9760	9	9	0.00224	1	0:00:10.537657
9780	4	6	0.00383	0	0:00:10.114196
9800	1	1	0.00825	1	0:00:11.549786
9820	0	0	0.00204	1	0:00:11.447525
9840	4	7	0.00825	0	0:00:11.447704
9860	0	0	0.00624	1	0:00:11.193883
9880	7	7	0.00778	1	0:00:09.624216
9900	8	8	0.00825	1	0:00:10.206536
9920	6	6	0.00825	1	0:00:10.726062
9940	4	4	0.00825	1	0:00:10.911235
9960	2	0	0.00825	0	0:00:11.467382
9980	0	0	0.00825	1	0:00:10.415302
