idx	label	predict	radius	correct	time
0	3	3	0.00825	1	0:00:26.203530
20	7	7	0.00825	1	0:00:07.542016
40	4	4	0.00825	1	0:00:07.452610
60	7	7	0.00825	1	0:00:07.563024
80	8	8	0.00825	1	0:00:07.462707
100	4	5	0.00779	0	0:00:07.587406
120	8	8	0.00825	1	0:00:07.502975
140	6	6	0.00394	1	0:00:07.613330
160	2	2	0.00825	1	0:00:07.509666
180	0	0	0.00825	1	0:00:07.607432
200	5	5	0.00825	1	0:00:07.536889
220	7	7	0.00825	1	0:00:07.638118
240	1	1	0.00825	1	0:00:07.651161
260	8	8	0.0081	1	0:00:07.652052
280	9	9	0.00825	1	0:00:07.657061
300	6	6	0.00825	1	0:00:07.697148
320	3	3	0.00509	1	0:00:07.576743
340	2	4	0.00269	0	0:00:07.644207
360	9	9	0.00825	1	0:00:07.693825
380	6	6	0.00812	1	0:00:07.566822
400	9	9	0.00825	1	0:00:07.635381
420	4	4	0.00825	1	0:00:07.582335
440	1	1	0.00825	1	0:00:07.703742
460	5	5	0.00825	1	0:00:07.590868
480	8	9	0.00122	0	0:00:07.699708
500	4	6	0.00825	0	0:00:07.590653
520	5	5	0.00825	1	0:00:07.733450
540	1	1	0.00825	1	0:00:07.626894
560	0	0	0.00825	1	0:00:07.720623
580	4	4	0.00825	1	0:00:07.730294
600	8	8	0.00825	1	0:00:07.563855
620	7	7	0.00825	1	0:00:07.798811
640	5	3	0.00825	0	0:00:07.670815
660	9	9	0.00825	1	0:00:07.694223
680	9	1	0.00517	0	0:00:07.588662
700	7	7	0.00825	1	0:00:07.687570
720	4	4	0.0069	1	0:00:07.587580
740	2	5	0.00825	0	0:00:07.580963
760	3	3	0.00812	1	0:00:07.574813
780	9	9	0.00825	1	0:00:07.714481
800	7	7	0.00825	1	0:00:07.767701
820	6	2	0.000101	0	0:00:07.706847
840	7	7	0.00825	1	0:00:07.718778
860	4	4	0.00825	1	0:00:07.707169
880	8	8	0.00825	1	0:00:07.600498
900	2	2	0.00166	1	0:00:07.731353
920	6	6	0.00804	1	0:00:07.763229
940	9	9	0.00825	1	0:00:07.691786
960	9	9	0.00825	1	0:00:07.745425
980	2	6	0.00429	0	0:00:07.627310
1000	5	5	0.00825	1	0:00:07.717357
1020	1	1	0.00825	1	0:00:07.623022
1040	7	5	0.00825	0	0:00:07.730619
1060	9	9	0.00825	1	0:00:07.548890
1080	6	6	0.00825	1	0:00:07.640313
1100	7	7	0.00337	1	0:00:07.572776
1120	5	2	0.00476	0	0:00:07.657003
1140	6	6	0.00812	1	0:00:07.598434
1160	8	8	0.00626	1	0:00:07.671451
1180	3	3	0.00825	1	0:00:07.703198
1200	8	8	0.00812	1	0:00:07.583662
1220	9	6	0.000442	0	0:00:07.662656
1240	2	6	0.00825	0	0:00:07.457342
1260	1	1	0.000323	1	0:00:07.684876
1280	3	3	0.00429	1	0:00:07.598194
1300	4	3	0.00825	0	0:00:07.791459
1320	7	7	0.00825	1	0:00:07.663820
1340	1	1	0.00825	1	0:00:07.810746
1360	7	7	0.00825	1	0:00:07.791094
1380	4	5	0.00505	0	0:00:07.809770
1400	5	5	0.000776	1	0:00:07.842369
1420	4	7	0.00559	0	0:00:07.765906
1440	0	0	0.00317	1	0:00:07.605197
1460	6	6	0.00825	1	0:00:07.804988
1480	1	1	0.0036	1	0:00:07.788903
1500	1	1	0.00825	1	0:00:07.713112
1520	7	7	0.00825	1	0:00:07.805076
1540	8	8	0.00825	1	0:00:07.792108
1560	7	7	0.00825	1	0:00:07.842948
1580	6	6	0.000212	1	0:00:07.678714
1600	8	9	0.00804	0	0:00:07.782817
1620	5	5	0.00733	1	0:00:07.698235
1640	7	3	0.00117	0	0:00:07.810494
1660	3	3	0.00825	1	0:00:07.648560
1680	6	6	0.00825	1	0:00:07.794443
1700	5	5	0.00804	1	0:00:07.744300
1720	4	4	0.00817	1	0:00:07.761946
1740	1	1	0.00825	1	0:00:07.675537
1760	0	0	0.00492	1	0:00:07.783340
1780	7	7	0.00825	1	0:00:07.874861
1800	4	4	0.00808	1	0:00:07.709616
1820	8	8	0.00825	1	0:00:07.844918
1840	8	9	0.00106	0	0:00:07.626655
1860	8	8	0.00825	1	0:00:07.829410
1880	1	1	0.00825	1	0:00:07.676765
1900	8	8	0.00825	1	0:00:07.777157
1920	2	2	0.00825	1	0:00:07.797664
1940	5	5	0.00825	1	0:00:07.789121
1960	2	5	0.00825	0	0:00:07.777621
1980	9	9	0.00825	1	0:00:07.821725
2000	1	1	0.00825	1	0:00:07.682314
2020	9	9	0.00825	1	0:00:07.810766
2040	0	0	0.00825	1	0:00:07.760191
2060	5	3	7.59e-05	0	0:00:07.702760
2080	1	1	0.00738	1	0:00:07.849493
2100	2	2	0.00825	1	0:00:07.792231
2120	4	8	0.00825	0	0:00:07.705690
2140	9	9	0.00825	1	0:00:07.853557
2160	0	8	0.00301	0	0:00:07.840120
2180	4	4	0.00825	1	0:00:07.667655
2200	0	0	0.00736	1	0:00:07.773465
2220	1	1	0.00825	1	0:00:07.692805
2240	9	9	0.00825	1	0:00:07.767523
2260	4	4	0.00825	1	0:00:07.521946
2280	4	8	0.00417	0	0:00:07.868783
2300	3	4	4.25e-05	0	0:00:07.702595
2320	5	2	0.00415	0	0:00:07.842465
2340	7	7	0.00825	1	0:00:07.748427
2360	7	7	0.00825	1	0:00:07.692089
2380	8	8	0.00825	1	0:00:07.711671
2400	0	0	0.00825	1	0:00:07.598059
2420	8	8	0.000642	1	0:00:07.701368
2440	7	7	0.00825	1	0:00:07.606305
2460	9	9	0.00763	1	0:00:07.710156
2480	8	8	0.00825	1	0:00:07.703362
2500	4	4	0.00307	1	0:00:07.707676
2520	1	1	0.00825	1	0:00:07.718508
2540	2	3	0.0033	0	0:00:07.695296
2560	7	7	0.00825	1	0:00:07.767067
2580	6	6	0.00825	1	0:00:07.802939
2600	8	8	0.00825	1	0:00:07.786622
2620	1	1	0.00825	1	0:00:07.781853
2640	7	7	0.00825	1	0:00:07.680187
2660	3	3	0.000163	1	0:00:07.782970
2680	0	0	0.00825	1	0:00:07.617928
2700	9	9	0.00825	1	0:00:07.780471
2720	3	3	0.00796	1	0:00:07.677968
2740	1	1	0.00825	1	0:00:07.779942
2760	2	2	0.00825	1	0:00:07.810453
2780	7	7	0.00825	1	0:00:07.655927
2800	4	4	0.00754	1	0:00:07.805704
2820	6	6	0.00825	1	0:00:07.654010
2840	3	3	0.00825	1	0:00:07.784523
2860	5	5	0.00266	1	0:00:07.682712
2880	4	4	0.00825	1	0:00:07.846845
2900	3	5	0.000938	0	0:00:07.693905
2920	2	2	0.00365	1	0:00:07.799454
2940	3	0	0.00825	0	0:00:07.715467
2960	9	9	0.00504	1	0:00:07.826249
2980	8	8	0.00591	1	0:00:07.801799
3000	5	5	0.00825	1	0:00:07.786490
3020	1	1	0.00825	1	0:00:07.820953
3040	7	7	0.00825	1	0:00:07.781000
3060	7	7	0.00825	1	0:00:07.783343
3080	1	1	0.00775	1	0:00:07.781757
3100	0	0	0.00825	1	0:00:07.790179
3120	4	4	6.7e-05	1	0:00:07.774345
3140	8	8	0.00825	1	0:00:07.688731
3160	6	2	0.00794	0	0:00:07.748493
3180	3	3	0.00812	1	0:00:07.794020
3200	5	5	0.00381	1	0:00:07.681151
3220	3	3	0.00736	1	0:00:07.782391
3240	4	3	0.00277	0	0:00:07.682053
3260	7	7	0.00825	1	0:00:07.786901
3280	3	5	0.00825	0	0:00:07.672468
3300	4	4	0.00243	1	0:00:07.747963
3320	2	7	0.00825	0	0:00:07.624968
3340	6	6	0.00825	1	0:00:07.766122
3360	4	4	0.00775	1	0:00:07.825711
3380	8	8	0.00825	1	0:00:07.664905
3400	6	4	0.00825	0	0:00:07.785092
3420	5	3	0.00599	0	0:00:07.681243
3440	2	3	0.00825	0	0:00:07.750377
3460	1	1	0.00825	1	0:00:07.651045
3480	2	2	0.00825	1	0:00:07.762297
3500	1	1	0.00825	1	0:00:07.683659
3520	1	1	0.00825	1	0:00:07.782430
3540	6	6	0.00825	1	0:00:07.674169
3560	1	9	0.00203	0	0:00:07.779080
3580	4	4	0.00777	1	0:00:07.689461
3600	4	2	0.00825	0	0:00:07.742184
3620	0	0	0.00526	1	0:00:07.784937
3640	6	2	0.00692	0	0:00:07.778297
3660	0	0	0.00825	1	0:00:07.783773
3680	0	2	0.000466	0	0:00:07.781950
3700	3	3	0.00825	1	0:00:07.660079
3720	2	2	0.00825	1	0:00:07.771642
3740	0	0	0.00825	1	0:00:07.779287
3760	7	7	0.00825	1	0:00:07.657473
3780	4	4	0.00825	1	0:00:07.774482
3800	9	9	0.00825	1	0:00:07.671721
3820	0	0	0.00364	1	0:00:07.761997
3840	6	3	0.00401	0	0:00:07.679498
3860	7	7	0.00825	1	0:00:07.755703
3880	6	6	0.00817	1	0:00:07.678213
3900	3	6	0.000531	0	0:00:07.773658
3920	7	7	0.00462	1	0:00:07.659105
3940	6	7	0.00537	0	0:00:07.767630
3960	2	2	0.00825	1	0:00:07.783497
3980	9	9	0.00267	1	0:00:07.631675
4000	8	0	0.000259	0	0:00:07.765789
4020	8	8	0.00825	1	0:00:07.654869
4040	0	0	0.00825	1	0:00:07.753532
4060	6	6	0.00825	1	0:00:07.664354
4080	1	1	0.00825	1	0:00:07.810405
4100	7	7	0.00825	1	0:00:07.650735
4120	4	4	0.00825	1	0:00:07.765677
4140	5	5	0.00825	1	0:00:07.666544
4160	5	5	0.00773	1	0:00:07.708350
4180	0	0	0.00723	1	0:00:07.710302
4200	4	4	0.00825	1	0:00:07.730318
4220	4	0	0.00825	0	0:00:07.679638
4240	7	0	0.00825	0	0:00:07.694378
4260	8	8	0.00825	1	0:00:07.623363
4280	8	8	0.0026	1	0:00:07.706614
4300	8	8	0.00825	1	0:00:07.697495
4320	1	1	0.00518	1	0:00:07.626895
4340	0	0	0.00825	1	0:00:07.708748
4360	6	6	0.00825	1	0:00:07.612105
4380	9	9	0.00825	1	0:00:07.672140
4400	3	6	0.00469	0	0:00:07.616086
4420	5	5	0.0081	1	0:00:07.711692
4440	2	2	0.00799	1	0:00:07.606821
4460	9	9	0.00825	1	0:00:07.691352
4480	9	9	0.00825	1	0:00:07.676110
4500	3	5	0.00825	0	0:00:07.777560
4520	3	5	0.00194	0	0:00:07.684236
4540	9	9	0.00825	1	0:00:07.801904
4560	1	1	0.00825	1	0:00:07.823115
4580	6	4	0.00279	0	0:00:07.664655
4600	4	4	0.0059	1	0:00:07.790762
4620	7	3	0.00297	0	0:00:07.659743
4640	2	2	0.00825	1	0:00:07.778753
4660	7	7	0.00688	1	0:00:07.673571
4680	9	9	0.00825	1	0:00:07.774248
4700	6	6	0.00426	1	0:00:07.611176
4720	8	8	0.00825	1	0:00:07.786846
4740	5	3	0.00376	0	0:00:07.791006
4760	3	2	0.00825	0	0:00:07.779719
4780	0	0	0.00825	1	0:00:07.775751
4800	9	9	0.00825	1	0:00:07.775557
4820	3	3	0.00825	1	0:00:07.673340
4840	0	0	0.00825	1	0:00:07.795851
4860	5	5	0.00825	1	0:00:07.786795
4880	0	0	0.00178	1	0:00:07.635461
4900	3	3	0.00314	1	0:00:07.791206
4920	7	7	0.00825	1	0:00:07.787137
4940	6	6	0.00825	1	0:00:07.814730
4960	4	3	0.00209	0	0:00:07.743247
4980	1	9	0.00825	0	0:00:07.835752
5000	7	7	0.00825	1	0:00:07.703979
5020	8	8	0.00825	1	0:00:07.813057
5040	3	3	0.00825	1	0:00:07.719700
5060	6	6	0.00825	1	0:00:07.813957
5080	7	7	0.00825	1	0:00:07.705268
5100	3	3	0.00825	1	0:00:07.782527
5120	9	9	0.00825	1	0:00:07.731782
5140	8	8	0.00825	1	0:00:07.829298
5160	0	0	0.00825	1	0:00:07.788200
5180	9	7	0.00825	0	0:00:07.681332
5200	3	3	0.00825	1	0:00:07.792464
5220	0	0	0.00825	1	0:00:07.694885
5240	1	1	0.00576	1	0:00:07.809844
5260	0	0	0.00825	1	0:00:07.698241
5280	0	8	0.00825	0	0:00:07.818527
5300	9	9	0.00825	1	0:00:07.832997
5320	7	7	0.00825	1	0:00:07.843651
5340	3	4	0.00536	0	0:00:07.830346
5360	9	9	0.00825	1	0:00:07.809730
5380	1	9	0.00804	0	0:00:07.674681
5400	9	9	0.00825	1	0:00:07.829143
5420	6	6	0.00825	1	0:00:07.846621
5440	9	9	0.00825	1	0:00:07.837251
5460	0	0	0.00825	1	0:00:07.864793
5480	1	1	0.00825	1	0:00:07.886747
5500	8	8	0.00808	1	0:00:07.806213
5520	4	4	0.00462	1	0:00:07.884948
5540	5	6	0.000824	0	0:00:07.893936
5560	3	6	0.00227	0	0:00:07.801035
5580	5	6	0.00293	0	0:00:07.861938
5600	6	6	0.00817	1	0:00:07.746705
5620	3	2	0.000465	0	0:00:07.723935
5640	2	2	0.00704	1	0:00:07.777240
5660	9	9	0.00825	1	0:00:07.886845
5680	2	2	0.00207	1	0:00:07.761061
5700	3	5	0.00771	0	0:00:07.906095
5720	9	9	0.00825	1	0:00:07.833044
5740	6	6	0.00123	1	0:00:07.847342
5760	2	2	0.00825	1	0:00:07.882198
5780	7	7	0.00825	1	0:00:07.724556
5800	2	2	0.00825	1	0:00:07.820887
5820	5	5	0.00701	1	0:00:07.690877
5840	2	2	0.00754	1	0:00:07.858692
5860	0	0	0.00825	1	0:00:07.852020
5880	0	0	0.00825	1	0:00:07.879054
5900	4	3	0.00139	0	0:00:07.873093
5920	8	8	0.00825	1	0:00:07.762241
5940	7	4	0.000433	0	0:00:07.811909
5960	2	6	0.00512	0	0:00:07.911232
5980	9	9	0.00825	1	0:00:07.827387
6000	8	8	0.00799	1	0:00:07.853642
6020	6	6	0.00825	1	0:00:07.758431
6040	2	7	0.00758	0	0:00:07.847565
6060	3	4	0.00756	0	0:00:07.744500
6080	1	1	0.00825	1	0:00:07.706162
6100	1	1	0.00825	1	0:00:07.706335
6120	5	5	0.00825	1	0:00:07.846715
6140	9	9	0.00825	1	0:00:07.892649
6160	2	2	0.0075	1	0:00:07.731874
6180	0	0	0.00825	1	0:00:07.849199
6200	3	3	0.00631	1	0:00:07.697981
6220	2	5	0.00246	0	0:00:07.855826
6240	2	2	0.00825	1	0:00:07.702964
6260	2	2	0.0019	1	0:00:07.821719
6280	8	5	0.00825	0	0:00:07.705184
6300	1	1	0.00825	1	0:00:07.835744
6320	0	0	0.00825	1	0:00:07.737087
6340	3	5	0.0079	0	0:00:07.827303
6360	2	2	0.00825	1	0:00:07.880981
6380	3	3	0.0037	1	0:00:07.813533
6400	0	0	0.00825	1	0:00:07.811477
6420	7	7	0.00825	1	0:00:07.842976
6440	3	3	0.00404	1	0:00:07.883883
6460	3	3	0.00825	1	0:00:07.849944
6480	0	0	0.00825	1	0:00:07.848094
6500	7	0	0.00113	0	0:00:07.840332
6520	6	6	0.00457	1	0:00:07.708008
6540	8	8	0.00825	1	0:00:07.752129
6560	6	6	0.00825	1	0:00:07.807909
6580	1	1	0.00268	1	0:00:07.713618
6600	7	7	0.00825	1	0:00:07.878663
6620	7	7	0.00825	1	0:00:07.722234
6640	5	3	0.00825	0	0:00:07.851512
6660	0	0	0.00825	1	0:00:07.730906
6680	3	5	0.00801	0	0:00:07.845101
6700	6	6	0.00825	1	0:00:07.674163
6720	2	2	0.00825	1	0:00:07.812547
6740	2	2	0.00825	1	0:00:07.902608
6760	5	5	0.00825	1	0:00:07.736339
6780	7	7	0.00825	1	0:00:07.856621
6800	6	6	0.00216	1	0:00:07.703475
6820	1	1	0.00825	1	0:00:07.837257
6840	9	9	0.00825	1	0:00:07.707962
6860	0	0	0.00825	1	0:00:07.776948
6880	2	2	0.00825	1	0:00:07.638615
6900	3	3	0.00825	1	0:00:07.786039
6920	5	4	0.00385	0	0:00:07.669389
6940	1	1	0.00825	1	0:00:07.760898
6960	9	9	0.00456	1	0:00:07.687349
6980	0	0	0.00672	1	0:00:07.795900
7000	2	0	0.00196	0	0:00:07.744953
7020	7	7	0.00825	1	0:00:07.794924
7040	7	0	0.000571	0	0:00:07.769510
7060	8	8	0.00825	1	0:00:07.792176
7080	5	4	0.00402	0	0:00:07.674899
7100	9	3	0.00211	0	0:00:07.784168
7120	7	7	0.00825	1	0:00:07.852520
7140	4	4	0.0081	1	0:00:07.711266
7160	5	5	0.00825	1	0:00:07.793416
7180	6	6	0.00825	1	0:00:07.696132
7200	4	6	0.00025	0	0:00:07.809746
7220	9	9	0.00825	1	0:00:07.664692
7240	0	0	0.00801	1	0:00:07.732610
7260	1	1	0.00825	1	0:00:07.641295
7280	1	9	0.00475	0	0:00:07.727679
7300	3	4	0.00262	0	0:00:07.699419
7320	8	0	0.00545	0	0:00:07.656723
7340	2	2	0.00128	1	0:00:07.787525
7360	2	7	0.00539	0	0:00:07.670564
7380	7	7	0.00825	1	0:00:07.754172
7400	3	3	0.00335	1	0:00:07.593201
7420	3	4	0.000423	0	0:00:07.826514
7440	3	3	0.00825	1	0:00:07.684789
7460	5	5	0.00825	1	0:00:07.761291
7480	1	1	0.00171	1	0:00:07.687101
7500	6	6	0.00825	1	0:00:07.843403
7520	4	4	0.00825	1	0:00:07.683377
7540	5	5	0.00825	1	0:00:07.776068
7560	0	0	0.00825	1	0:00:07.794360
7580	8	8	0.00825	1	0:00:07.862905
7600	8	9	0.00825	0	0:00:07.866819
7620	5	3	0.00825	0	0:00:07.788831
7640	9	9	0.0054	1	0:00:07.736039
7660	7	7	0.00825	1	0:00:07.851828
7680	3	5	0.00209	0	0:00:07.825936
7700	6	6	0.00825	1	0:00:07.689474
7720	5	5	0.00825	1	0:00:07.860711
7740	4	4	0.0057	1	0:00:07.679481
7760	2	0	0.00121	0	0:00:07.797337
7780	3	9	0.00299	0	0:00:07.638909
7800	0	0	0.00825	1	0:00:07.836548
7820	5	5	0.00825	1	0:00:07.748574
7840	1	1	0.00825	1	0:00:07.842664
7860	8	8	0.00825	1	0:00:07.736400
7880	0	0	0.00116	1	0:00:07.857101
7900	0	8	0.00825	0	0:00:07.751608
7920	9	9	0.00825	1	0:00:07.866961
7940	2	2	0.00351	1	0:00:07.890892
7960	0	0	0.00825	1	0:00:07.726058
7980	3	3	0.00825	1	0:00:07.882461
8000	9	9	0.00825	1	0:00:07.721096
8020	6	3	0.00825	0	0:00:07.792257
8040	2	2	0.00825	1	0:00:07.696584
8060	6	6	0.00825	1	0:00:07.852252
8080	4	4	0.00825	1	0:00:07.692939
8100	6	2	0.00236	0	0:00:07.844604
8120	8	8	0.00229	1	0:00:07.886161
8140	5	7	0.00656	0	0:00:07.854899
8160	6	6	0.00825	1	0:00:07.865008
8180	4	4	0.00825	1	0:00:07.819374
8200	3	4	0.00475	0	0:00:07.747611
8220	6	6	0.00264	1	0:00:07.866760
8240	7	7	0.00825	1	0:00:07.830647
8260	1	1	0.00825	1	0:00:07.737395
8280	4	4	0.0021	1	0:00:07.825960
8300	5	3	0.000246	0	0:00:07.845941
8320	7	7	0.00134	1	0:00:07.902101
8340	5	5	0.00784	1	0:00:07.686635
8360	7	7	0.00825	1	0:00:07.817842
8380	9	9	0.00825	1	0:00:07.729135
8400	0	0	0.00825	1	0:00:07.843107
8420	3	6	0.00825	0	0:00:07.713258
8440	5	5	0.000333	1	0:00:07.804025
8460	8	8	0.00825	1	0:00:07.689510
8480	2	2	0.00825	1	0:00:07.849802
8500	4	4	0.00825	1	0:00:07.705395
8520	8	1	0.00317	0	0:00:07.838150
8540	4	4	0.00536	1	0:00:07.853060
8560	7	7	0.00825	1	0:00:07.720020
8580	3	2	0.00567	0	0:00:07.860514
8600	3	3	0.00446	1	0:00:07.736092
8620	3	3	0.00172	1	0:00:07.801286
8640	1	1	0.00825	1	0:00:07.706637
8660	7	7	0.00825	1	0:00:07.771544
8680	3	6	0.000961	0	0:00:07.788810
8700	3	3	0.00612	1	0:00:07.743823
8720	2	0	0.00825	0	0:00:07.784007
8740	2	2	0.00717	1	0:00:07.790242
8760	8	8	0.00825	1	0:00:07.684275
8780	4	4	0.00825	1	0:00:07.766107
8800	0	0	0.00825	1	0:00:07.785627
8820	2	2	0.00825	1	0:00:07.644710
8840	2	2	0.00126	1	0:00:07.820126
8860	2	2	0.00825	1	0:00:07.768701
8880	1	1	0.00825	1	0:00:07.695445
8900	2	4	0.00115	0	0:00:07.792179
8920	6	6	0.00825	1	0:00:07.817793
8940	6	3	0.00825	0	0:00:07.680268
8960	0	0	0.00825	1	0:00:07.797915
8980	9	9	0.00825	1	0:00:07.659977
9000	8	8	0.00825	1	0:00:07.783215
9020	7	7	0.00825	1	0:00:07.679641
9040	2	5	0.00825	0	0:00:07.786380
9060	9	9	0.00499	1	0:00:07.652709
9080	3	3	0.00662	1	0:00:07.781155
9100	9	1	0.00583	0	0:00:07.677607
9120	3	5	0.000345	0	0:00:07.768734
9140	7	7	0.00825	1	0:00:07.779263
9160	5	5	0.00153	1	0:00:07.662652
9180	5	5	0.00825	1	0:00:07.783385
9200	8	8	0.00825	1	0:00:07.678179
9220	8	8	0.00825	1	0:00:07.778774
9240	8	8	0.00825	1	0:00:07.791851
9260	5	5	0.00825	1	0:00:07.768084
9280	9	9	0.00199	1	0:00:07.792042
9300	5	5	0.00177	1	0:00:07.781573
9320	9	9	0.00825	1	0:00:07.746330
9340	1	1	0.00825	1	0:00:07.834361
9360	5	0	0.00759	0	0:00:07.783491
9380	5	3	0.0018	0	0:00:07.788230
9400	6	6	0.00825	1	0:00:07.690485
9420	5	5	0.00825	1	0:00:07.780149
9440	8	8	0.00825	1	0:00:07.676063
9460	3	3	0.0064	1	0:00:07.787302
9480	2	2	0.00825	1	0:00:07.689438
9500	9	9	0.00825	1	0:00:07.781763
9520	1	1	0.00825	1	0:00:07.828627
9540	5	5	0.00825	1	0:00:07.669544
9560	9	7	0.00825	0	0:00:07.794946
9580	1	1	0.00825	1	0:00:07.672434
9600	8	8	0.00825	1	0:00:07.790899
9620	4	4	0.00404	1	0:00:07.655698
9640	5	5	0.00812	1	0:00:07.778863
9660	6	6	0.00825	1	0:00:07.672765
9680	8	8	0.00825	1	0:00:07.778555
9700	0	0	0.00825	1	0:00:07.679430
9720	8	8	0.00308	1	0:00:07.780544
9740	3	6	0.00812	0	0:00:07.796149
9760	9	9	0.00682	1	0:00:07.776901
9780	4	6	0.00395	0	0:00:07.767235
9800	1	1	0.00825	1	0:00:07.798000
9820	0	0	0.0021	1	0:00:07.867895
9840	4	7	0.0054	0	0:00:07.829610
9860	0	2	4.83e-05	0	0:00:07.888555
9880	7	7	0.00825	1	0:00:07.852451
9900	8	8	0.00825	1	0:00:07.716846
9920	6	6	0.00825	1	0:00:07.847327
9940	4	4	0.0048	1	0:00:07.772835
9960	2	0	0.00825	0	0:00:07.724756
9980	0	0	0.00825	1	0:00:07.847919
